0.000000e+00 2.000000e+00
2.000000e-02 2.003852e+00
4.000000e-02 2.007910e+00
6.000000e-02 2.012175e+00
8.000000e-02 2.016644e+00
1.000000e-01 2.021315e+00
1.200000e-01 2.026189e+00
1.400000e-01 2.031261e+00
1.600000e-01 2.036533e+00
1.800000e-01 2.042000e+00
2.000000e-01 2.047663e+00
2.200000e-01 2.053518e+00
2.400000e-01 2.059565e+00
2.600000e-01 2.065801e+00
2.800000e-01 2.072225e+00
3.000000e-01 2.078834e+00
3.200000e-01 2.085628e+00
3.400000e-01 2.092603e+00
3.600000e-01 2.099758e+00
3.800000e-01 2.107091e+00
4.000000e-01 2.114600e+00
4.200000e-01 2.122283e+00
4.400000e-01 2.130138e+00
4.600000e-01 2.138162e+00
4.800000e-01 2.146354e+00
5.000000e-01 2.154712e+00
5.200000e-01 2.163234e+00
5.400000e-01 2.171917e+00
5.600000e-01 2.180759e+00
5.800000e-01 2.189759e+00
6.000000e-01 2.198913e+00
6.200000e-01 2.208222e+00
6.400000e-01 2.217681e+00
6.600000e-01 2.227289e+00
6.800000e-01 2.237044e+00
7.000000e-01 2.246944e+00
7.200000e-01 2.256986e+00
7.400000e-01 2.267170e+00
7.600000e-01 2.277492e+00
7.800000e-01 2.287951e+00
8.000000e-01 2.298544e+00
8.200000e-01 2.309270e+00
8.400000e-01 2.320127e+00
8.600000e-01 2.331113e+00
8.800000e-01 2.342225e+00
9.000000e-01 2.353463e+00
9.200000e-01 2.364823e+00
9.400000e-01 2.376304e+00
9.600000e-01 2.387905e+00
9.800000e-01 2.399623e+00
1.000000e+00 2.411456e+00
1.020000e+00 2.423403e+00
1.040000e+00 2.435463e+00
1.060000e+00 2.447632e+00
1.080000e+00 2.459909e+00
1.100000e+00 2.472293e+00
1.120000e+00 2.484783e+00
1.140000e+00 2.497375e+00
1.160000e+00 2.510069e+00
1.180000e+00 2.522863e+00
1.200000e+00 2.535756e+00
1.220000e+00 2.548745e+00
1.240000e+00 2.561829e+00
1.260000e+00 2.575007e+00
1.280000e+00 2.588278e+00
1.300000e+00 2.601639e+00
1.320000e+00 2.615089e+00
1.340000e+00 2.628626e+00
1.360000e+00 2.642251e+00
1.380000e+00 2.655959e+00
1.400000e+00 2.669752e+00
1.420000e+00 2.683626e+00
1.440000e+00 2.697582e+00
1.460000e+00 2.711617e+00
1.480000e+00 2.725730e+00
1.500000e+00 2.739919e+00
1.520000e+00 2.754185e+00
1.540000e+00 2.768525e+00
1.560000e+00 2.782938e+00
1.580000e+00 2.797423e+00
1.600000e+00 2.811978e+00
1.620000e+00 2.826604e+00
1.640000e+00 2.841298e+00
1.660000e+00 2.856059e+00
1.680000e+00 2.870887e+00
1.700000e+00 2.885780e+00
1.720000e+00 2.900737e+00
1.740000e+00 2.915757e+00
1.760000e+00 2.930839e+00
1.780000e+00 2.945982e+00
1.800000e+00 2.961186e+00
1.820000e+00 2.976448e+00
1.840000e+00 2.991769e+00
1.860000e+00 3.007147e+00
1.880000e+00 3.022582e+00
1.900000e+00 3.038072e+00
1.920000e+00 3.053616e+00
1.940000e+00 3.069214e+00
1.960000e+00 3.084865e+00
1.980000e+00 3.100568e+00
2.000000e+00 3.116322e+00
2.020000e+00 3.132127e+00
2.040000e+00 3.147981e+00
2.060000e+00 3.163884e+00
2.080000e+00 3.179835e+00
2.100000e+00 3.195833e+00
2.120000e+00 3.211877e+00
2.140000e+00 3.227968e+00
2.160000e+00 3.244104e+00
2.180000e+00 3.260284e+00
2.200000e+00 3.276507e+00
2.220000e+00 3.292774e+00
2.240000e+00 3.309083e+00
2.260000e+00 3.325434e+00
2.280000e+00 3.341826e+00
2.300000e+00 3.358259e+00
2.320000e+00 3.374731e+00
2.340000e+00 3.391242e+00
2.360000e+00 3.407793e+00
2.380000e+00 3.424381e+00
2.400000e+00 3.441007e+00
2.420000e+00 3.457669e+00
2.440000e+00 3.474368e+00
2.460000e+00 3.491103e+00
2.480000e+00 3.507873e+00
2.500000e+00 3.524678e+00
2.520000e+00 3.541518e+00
2.540000e+00 3.558391e+00
2.560000e+00 3.575297e+00
2.580000e+00 3.592236e+00
2.600000e+00 3.609207e+00
2.620000e+00 3.626210e+00
2.640000e+00 3.643245e+00
2.660000e+00 3.660310e+00
2.680000e+00 3.677406e+00
2.700000e+00 3.694532e+00
2.720000e+00 3.711688e+00
2.740000e+00 3.728872e+00
2.760000e+00 3.746086e+00
2.780000e+00 3.763328e+00
2.800000e+00 3.780598e+00
2.820000e+00 3.797895e+00
2.840000e+00 3.815219e+00
2.860000e+00 3.832571e+00
2.880000e+00 3.849949e+00
2.900000e+00 3.867352e+00
2.920000e+00 3.884782e+00
2.940000e+00 3.902237e+00
2.960000e+00 3.919716e+00
2.980000e+00 3.937221e+00
3.000000e+00 3.954749e+00
3.020000e+00 3.972302e+00
3.040000e+00 3.989878e+00
3.060000e+00 4.007478e+00
3.080000e+00 4.025101e+00
3.100000e+00 4.042746e+00
3.120000e+00 4.060414e+00
3.140000e+00 4.078103e+00
3.160000e+00 4.095815e+00
3.180000e+00 4.113548e+00
3.200000e+00 4.131303e+00
3.220000e+00 4.149078e+00
3.240000e+00 4.166874e+00
3.260000e+00 4.184690e+00
3.280000e+00 4.202526e+00
3.300000e+00 4.220383e+00
3.320000e+00 4.238259e+00
3.340000e+00 4.256154e+00
3.360000e+00 4.274068e+00
3.380000e+00 4.292002e+00
3.400000e+00 4.309953e+00
3.420000e+00 4.327924e+00
3.440000e+00 4.345912e+00
3.460000e+00 4.363918e+00
3.480000e+00 4.381942e+00
3.500000e+00 4.399984e+00
3.520000e+00 4.418042e+00
3.540000e+00 4.436118e+00
3.560000e+00 4.454210e+00
3.580000e+00 4.472320e+00
3.600000e+00 4.490445e+00
3.620000e+00 4.508587e+00
3.640000e+00 4.526744e+00
3.660000e+00 4.544918e+00
3.680000e+00 4.563107e+00
3.700000e+00 4.581312e+00
3.720000e+00 4.599531e+00
3.740000e+00 4.617766e+00
3.760000e+00 4.636016e+00
3.780000e+00 4.654280e+00
3.800000e+00 4.672559e+00
3.820000e+00 4.690852e+00
3.840000e+00 4.709159e+00
3.860000e+00 4.727481e+00
3.880000e+00 4.745816e+00
3.900000e+00 4.764164e+00
3.920000e+00 4.782527e+00
3.940000e+00 4.800902e+00
3.960000e+00 4.819291e+00
3.980000e+00 4.837693e+00
