0.000000e+00 -2.000000e+00
2.000000e-02 -2.018610e+00
4.000000e-02 -2.037248e+00
6.000000e-02 -2.055914e+00
8.000000e-02 -2.074607e+00
1.000000e-01 -2.093326e+00
1.200000e-01 -2.112070e+00
1.400000e-01 -2.130839e+00
1.600000e-01 -2.149631e+00
1.800000e-01 -2.168447e+00
2.000000e-01 -2.187285e+00
2.200000e-01 -2.206145e+00
2.400000e-01 -2.225027e+00
2.600000e-01 -2.243929e+00
2.800000e-01 -2.262851e+00
3.000000e-01 -2.281793e+00
3.200000e-01 -2.300755e+00
3.400000e-01 -2.319735e+00
3.600000e-01 -2.338733e+00
3.800000e-01 -2.357748e+00
4.000000e-01 -2.376781e+00
4.200000e-01 -2.395831e+00
4.400000e-01 -2.414897e+00
4.600000e-01 -2.433979e+00
4.800000e-01 -2.453077e+00
5.000000e-01 -2.472190e+00
5.200000e-01 -2.491318e+00
5.400000e-01 -2.510460e+00
5.600000e-01 -2.529616e+00
5.800000e-01 -2.548786e+00
6.000000e-01 -2.567970e+00
6.200000e-01 -2.587166e+00
6.400000e-01 -2.606376e+00
6.600000e-01 -2.625597e+00
6.800000e-01 -2.644832e+00
7.000000e-01 -2.664078e+00
7.200000e-01 -2.683336e+00
7.400000e-01 -2.702605e+00
7.600000e-01 -2.721885e+00
7.800000e-01 -2.741176e+00
8.000000e-01 -2.760478e+00
8.200000e-01 -2.779791e+00
8.400000e-01 -2.799113e+00
8.600000e-01 -2.818446e+00
8.800000e-01 -2.837788e+00
9.000000e-01 -2.857140e+00
9.200000e-01 -2.876501e+00
9.400000e-01 -2.895872e+00
9.600000e-01 -2.915251e+00
9.800000e-01 -2.934639e+00
1.000000e+00 -2.954036e+00
1.020000e+00 -2.973441e+00
1.040000e+00 -2.992854e+00
1.060000e+00 -3.012276e+00
1.080000e+00 -3.031705e+00
1.100000e+00 -3.051142e+00
1.120000e+00 -3.070587e+00
1.140000e+00 -3.090039e+00
1.160000e+00 -3.109499e+00
1.180000e+00 -3.128965e+00
1.200000e+00 -3.148439e+00
1.220000e+00 -3.167919e+00
1.240000e+00 -3.187407e+00
1.260000e+00 -3.206901e+00
1.280000e+00 -3.226401e+00
1.300000e+00 -3.245908e+00
1.320000e+00 -3.265421e+00
1.340000e+00 -3.284940e+00
1.360000e+00 -3.304465e+00
1.380000e+00 -3.323996e+00
1.400000e+00 -3.343533e+00
1.420000e+00 -3.363076e+00
1.440000e+00 -3.382624e+00
1.460000e+00 -3.402178e+00
1.480000e+00 -3.421737e+00
1.500000e+00 -3.441301e+00
1.520000e+00 -3.460871e+00
1.540000e+00 -3.480446e+00
1.560000e+00 -3.500025e+00
1.580000e+00 -3.519610e+00
1.600000e+00 -3.539200e+00
1.620000e+00 -3.558794e+00
1.640000e+00 -3.578393e+00
1.660000e+00 -3.597996e+00
1.680000e+00 -3.617604e+00
1.700000e+00 -3.637217e+00
1.720000e+00 -3.656834e+00
1.740000e+00 -3.676455e+00
1.760000e+00 -3.696081e+00
1.780000e+00 -3.715710e+00
1.800000e+00 -3.735344e+00
1.820000e+00 -3.754982e+00
1.840000e+00 -3.774623e+00
1.860000e+00 -3.794269e+00
1.880000e+00 -3.813919e+00
1.900000e+00 -3.833572e+00
1.920000e+00 -3.853229e+00
1.940000e+00 -3.872889e+00
1.960000e+00 -3.892553e+00
1.980000e+00 -3.912221e+00
2.000000e+00 -3.931892e+00
2.020000e+00 -3.951567e+00
2.040000e+00 -3.971245e+00
2.060000e+00 -3.990926e+00
2.080000e+00 -4.010611e+00
2.100000e+00 -4.030299e+00
2.120000e+00 -4.049990e+00
2.140000e+00 -4.069684e+00
2.160000e+00 -4.089381e+00
2.180000e+00 -4.109082e+00
2.200000e+00 -4.128785e+00
2.220000e+00 -4.148491e+00
2.240000e+00 -4.168200e+00
2.260000e+00 -4.187912e+00
2.280000e+00 -4.207627e+00
2.300000e+00 -4.227344e+00
2.320000e+00 -4.247065e+00
2.340000e+00 -4.266788e+00
2.360000e+00 -4.286513e+00
2.380000e+00 -4.306242e+00
2.400000e+00 -4.325972e+00
2.420000e+00 -4.345706e+00
2.440000e+00 -4.365442e+00
2.460000e+00 -4.385180e+00
2.480000e+00 -4.404921e+00
2.500000e+00 -4.424664e+00
2.520000e+00 -4.444410e+00
2.540000e+00 -4.464158e+00
2.560000e+00 -4.483908e+00
2.580000e+00 -4.503661e+00
2.600000e+00 -4.523416e+00
2.620000e+00 -4.543173e+00
2.640000e+00 -4.562932e+00
2.660000e+00 -4.582693e+00
2.680000e+00 -4.602457e+00
2.700000e+00 -4.622222e+00
2.720000e+00 -4.641990e+00
2.740000e+00 -4.661760e+00
2.760000e+00 -4.681532e+00
2.780000e+00 -4.701305e+00
2.800000e+00 -4.721081e+00
2.820000e+00 -4.740859e+00
2.840000e+00 -4.760638e+00
2.860000e+00 -4.780420e+00
2.880000e+00 -4.800203e+00
2.900000e+00 -4.819988e+00
2.920000e+00 -4.839775e+00
2.940000e+00 -4.859564e+00
2.960000e+00 -4.879355e+00
2.980000e+00 -4.899147e+00
3.000000e+00 -4.918941e+00
3.020000e+00 -4.938737e+00
3.040000e+00 -4.958534e+00
3.060000e+00 -4.978334e+00
3.080000e+00 -4.998134e+00
3.100000e+00 -5.017937e+00
3.120000e+00 -5.037741e+00
3.140000e+00 -5.057546e+00
3.160000e+00 -5.077354e+00
3.180000e+00 -5.097162e+00
3.200000e+00 -5.116973e+00
3.220000e+00 -5.136784e+00
3.240000e+00 -5.156598e+00
3.260000e+00 -5.176412e+00
3.280000e+00 -5.196229e+00
3.300000e+00 -5.216046e+00
3.320000e+00 -5.235865e+00
3.340000e+00 -5.255686e+00
3.360000e+00 -5.275508e+00
3.380000e+00 -5.295331e+00
3.400000e+00 -5.315156e+00
3.420000e+00 -5.334982e+00
3.440000e+00 -5.354809e+00
3.460000e+00 -5.374638e+00
3.480000e+00 -5.394468e+00
3.500000e+00 -5.414299e+00
3.520000e+00 -5.434131e+00
3.540000e+00 -5.453965e+00
3.560000e+00 -5.473800e+00
3.580000e+00 -5.493636e+00
3.600000e+00 -5.513474e+00
3.620000e+00 -5.533312e+00
3.640000e+00 -5.553152e+00
3.660000e+00 -5.572993e+00
3.680000e+00 -5.592835e+00
3.700000e+00 -5.612679e+00
3.720000e+00 -5.632523e+00
3.740000e+00 -5.652369e+00
3.760000e+00 -5.672216e+00
3.780000e+00 -5.692063e+00
3.800000e+00 -5.711912e+00
3.820000e+00 -5.731762e+00
3.840000e+00 -5.751613e+00
3.860000e+00 -5.771465e+00
3.880000e+00 -5.791319e+00
3.900000e+00 -5.811173e+00
3.920000e+00 -5.831028e+00
3.940000e+00 -5.850884e+00
3.960000e+00 -5.870741e+00
3.980000e+00 -5.890600e+00
