0.000000e+00 -2.000000e+00
2.000000e-02 -2.008604e+00
4.000000e-02 -2.017382e+00
6.000000e-02 -2.026332e+00
8.000000e-02 -2.035451e+00
1.000000e-01 -2.044738e+00
1.200000e-01 -2.054189e+00
1.400000e-01 -2.063802e+00
1.600000e-01 -2.073575e+00
1.800000e-01 -2.083506e+00
2.000000e-01 -2.093591e+00
2.200000e-01 -2.103829e+00
2.400000e-01 -2.114217e+00
2.600000e-01 -2.124753e+00
2.800000e-01 -2.135434e+00
3.000000e-01 -2.146258e+00
3.200000e-01 -2.157223e+00
3.400000e-01 -2.168326e+00
3.600000e-01 -2.179566e+00
3.800000e-01 -2.190939e+00
4.000000e-01 -2.202444e+00
4.200000e-01 -2.214079e+00
4.400000e-01 -2.225841e+00
4.600000e-01 -2.237728e+00
4.800000e-01 -2.249738e+00
5.000000e-01 -2.261869e+00
5.200000e-01 -2.274119e+00
5.400000e-01 -2.286485e+00
5.600000e-01 -2.298967e+00
5.800000e-01 -2.311561e+00
6.000000e-01 -2.324266e+00
6.200000e-01 -2.337079e+00
6.400000e-01 -2.350000e+00
6.600000e-01 -2.363026e+00
6.800000e-01 -2.376155e+00
7.000000e-01 -2.389385e+00
7.200000e-01 -2.402715e+00
7.400000e-01 -2.416143e+00
7.600000e-01 -2.429667e+00
7.800000e-01 -2.443285e+00
8.000000e-01 -2.456996e+00
8.200000e-01 -2.470798e+00
8.400000e-01 -2.484690e+00
8.600000e-01 -2.498669e+00
8.800000e-01 -2.512735e+00
9.000000e-01 -2.526886e+00
9.200000e-01 -2.541120e+00
9.400000e-01 -2.555435e+00
9.600000e-01 -2.569831e+00
9.800000e-01 -2.584306e+00
1.000000e+00 -2.598859e+00
1.020000e+00 -2.613487e+00
1.040000e+00 -2.628190e+00
1.060000e+00 -2.642967e+00
1.080000e+00 -2.657816e+00
1.100000e+00 -2.672736e+00
1.120000e+00 -2.687725e+00
1.140000e+00 -2.702783e+00
1.160000e+00 -2.717908e+00
1.180000e+00 -2.733099e+00
1.200000e+00 -2.748355e+00
1.220000e+00 -2.763674e+00
1.240000e+00 -2.779057e+00
1.260000e+00 -2.794500e+00
1.280000e+00 -2.810004e+00
1.300000e+00 -2.825568e+00
1.320000e+00 -2.841190e+00
1.340000e+00 -2.856869e+00
1.360000e+00 -2.872605e+00
1.380000e+00 -2.888395e+00
1.400000e+00 -2.904241e+00
1.420000e+00 -2.920140e+00
1.440000e+00 -2.936091e+00
1.460000e+00 -2.952094e+00
1.480000e+00 -2.968148e+00
1.500000e+00 -2.984252e+00
1.520000e+00 -3.000405e+00
1.540000e+00 -3.016606e+00
1.560000e+00 -3.032855e+00
1.580000e+00 -3.049150e+00
1.600000e+00 -3.065491e+00
1.620000e+00 -3.081877e+00
1.640000e+00 -3.098308e+00
1.660000e+00 -3.114782e+00
1.680000e+00 -3.131299e+00
1.700000e+00 -3.147859e+00
1.720000e+00 -3.164460e+00
1.740000e+00 -3.181101e+00
1.760000e+00 -3.197783e+00
1.780000e+00 -3.214504e+00
1.800000e+00 -3.231264e+00
1.820000e+00 -3.248062e+00
1.840000e+00 -3.264898e+00
1.860000e+00 -3.281771e+00
1.880000e+00 -3.298680e+00
1.900000e+00 -3.315626e+00
1.920000e+00 -3.332606e+00
1.940000e+00 -3.349621e+00
1.960000e+00 -3.366670e+00
1.980000e+00 -3.383753e+00
2.000000e+00 -3.400869e+00
2.020000e+00 -3.418017e+00
2.040000e+00 -3.435197e+00
2.060000e+00 -3.452409e+00
2.080000e+00 -3.469652e+00
2.100000e+00 -3.486926e+00
2.120000e+00 -3.504229e+00
2.140000e+00 -3.521563e+00
2.160000e+00 -3.538925e+00
2.180000e+00 -3.556316e+00
2.200000e+00 -3.573736e+00
2.220000e+00 -3.591183e+00
2.240000e+00 -3.608658e+00
2.260000e+00 -3.626160e+00
2.280000e+00 -3.643689e+00
2.300000e+00 -3.661243e+00
2.320000e+00 -3.678824e+00
2.340000e+00 -3.696430e+00
2.360000e+00 -3.714061e+00
2.380000e+00 -3.731717e+00
2.400000e+00 -3.749397e+00
2.420000e+00 -3.767102e+00
2.440000e+00 -3.784830e+00
2.460000e+00 -3.802581e+00
2.480000e+00 -3.820355e+00
2.500000e+00 -3.838152e+00
2.520000e+00 -3.855971e+00
2.540000e+00 -3.873812e+00
2.560000e+00 -3.891675e+00
2.580000e+00 -3.909559e+00
2.600000e+00 -3.927464e+00
2.620000e+00 -3.945390e+00
2.640000e+00 -3.963337e+00
2.660000e+00 -3.981303e+00
2.680000e+00 -3.999290e+00
2.700000e+00 -4.017296e+00
2.720000e+00 -4.035322e+00
2.740000e+00 -4.053366e+00
2.760000e+00 -4.071430e+00
2.780000e+00 -4.089512e+00
2.800000e+00 -4.107612e+00
2.820000e+00 -4.125731e+00
2.840000e+00 -4.143867e+00
2.860000e+00 -4.162021e+00
2.880000e+00 -4.180192e+00
2.900000e+00 -4.198381e+00
2.920000e+00 -4.216586e+00
2.940000e+00 -4.234808e+00
2.960000e+00 -4.253046e+00
2.980000e+00 -4.271301e+00
3.000000e+00 -4.289572e+00
3.020000e+00 -4.307858e+00
3.040000e+00 -4.326160e+00
3.060000e+00 -4.344477e+00
3.080000e+00 -4.362810e+00
3.100000e+00 -4.381158e+00
3.120000e+00 -4.399520e+00
3.140000e+00 -4.417897e+00
3.160000e+00 -4.436288e+00
3.180000e+00 -4.454694e+00
3.200000e+00 -4.473114e+00
3.220000e+00 -4.491547e+00
3.240000e+00 -4.509995e+00
3.260000e+00 -4.528456e+00
3.280000e+00 -4.546930e+00
3.300000e+00 -4.565417e+00
3.320000e+00 -4.583918e+00
3.340000e+00 -4.602431e+00
3.360000e+00 -4.620957e+00
3.380000e+00 -4.639496e+00
3.400000e+00 -4.658047e+00
3.420000e+00 -4.676610e+00
3.440000e+00 -4.695185e+00
3.460000e+00 -4.713772e+00
3.480000e+00 -4.732372e+00
3.500000e+00 -4.750982e+00
3.520000e+00 -4.769605e+00
3.540000e+00 -4.788238e+00
3.560000e+00 -4.806883e+00
3.580000e+00 -4.825539e+00
3.600000e+00 -4.844206e+00
3.620000e+00 -4.862884e+00
3.640000e+00 -4.881573e+00
3.660000e+00 -4.900272e+00
3.680000e+00 -4.918982e+00
3.700000e+00 -4.937702e+00
3.720000e+00 -4.956432e+00
3.740000e+00 -4.975172e+00
3.760000e+00 -4.993923e+00
3.780000e+00 -5.012683e+00
3.800000e+00 -5.031453e+00
3.820000e+00 -5.050233e+00
3.840000e+00 -5.069022e+00
3.860000e+00 -5.087821e+00
3.880000e+00 -5.106629e+00
3.900000e+00 -5.125446e+00
3.920000e+00 -5.144273e+00
3.940000e+00 -5.163108e+00
3.960000e+00 -5.181952e+00
3.980000e+00 -5.200805e+00
