0.000000e+00 2.000000e+00
2.000000e-02 2.019378e+00
4.000000e-02 2.038769e+00
6.000000e-02 2.058173e+00
8.000000e-02 2.077589e+00
1.000000e-01 2.097017e+00
1.200000e-01 2.116456e+00
1.400000e-01 2.135907e+00
1.600000e-01 2.155368e+00
1.800000e-01 2.174839e+00
2.000000e-01 2.194321e+00
2.200000e-01 2.213813e+00
2.400000e-01 2.233314e+00
2.600000e-01 2.252825e+00
2.800000e-01 2.272345e+00
3.000000e-01 2.291874e+00
3.200000e-01 2.311411e+00
3.400000e-01 2.330957e+00
3.600000e-01 2.350511e+00
3.800000e-01 2.370073e+00
4.000000e-01 2.389642e+00
4.200000e-01 2.409219e+00
4.400000e-01 2.428804e+00
4.600000e-01 2.448395e+00
4.800000e-01 2.467994e+00
5.000000e-01 2.487599e+00
5.200000e-01 2.507211e+00
5.400000e-01 2.526830e+00
5.600000e-01 2.546454e+00
5.800000e-01 2.566085e+00
6.000000e-01 2.585722e+00
6.200000e-01 2.605365e+00
6.400000e-01 2.625014e+00
6.600000e-01 2.644668e+00
6.800000e-01 2.664327e+00
7.000000e-01 2.683992e+00
7.200000e-01 2.703662e+00
7.400000e-01 2.723337e+00
7.600000e-01 2.743017e+00
7.800000e-01 2.762702e+00
8.000000e-01 2.782392e+00
8.200000e-01 2.802087e+00
8.400000e-01 2.821786e+00
8.600000e-01 2.841489e+00
8.800000e-01 2.861197e+00
9.000000e-01 2.880909e+00
9.200000e-01 2.900625e+00
9.400000e-01 2.920345e+00
9.600000e-01 2.940069e+00
9.800000e-01 2.959797e+00
1.000000e+00 2.979529e+00
1.020000e+00 2.999265e+00
1.040000e+00 3.019004e+00
1.060000e+00 3.038747e+00
1.080000e+00 3.058493e+00
1.100000e+00 3.078243e+00
1.120000e+00 3.097996e+00
1.140000e+00 3.117753e+00
1.160000e+00 3.137513e+00
1.180000e+00 3.157276e+00
1.200000e+00 3.177042e+00
1.220000e+00 3.196811e+00
1.240000e+00 3.216583e+00
1.260000e+00 3.236358e+00
1.280000e+00 3.256136e+00
1.300000e+00 3.275917e+00
1.320000e+00 3.295700e+00
1.340000e+00 3.315486e+00
1.360000e+00 3.335275e+00
1.380000e+00 3.355067e+00
1.400000e+00 3.374861e+00
1.420000e+00 3.394658e+00
1.440000e+00 3.414457e+00
1.460000e+00 3.434258e+00
1.480000e+00 3.454062e+00
1.500000e+00 3.473868e+00
1.520000e+00 3.493677e+00
1.540000e+00 3.513488e+00
1.560000e+00 3.533301e+00
1.580000e+00 3.553116e+00
1.600000e+00 3.572934e+00
1.620000e+00 3.592753e+00
1.640000e+00 3.612575e+00
1.660000e+00 3.632399e+00
1.680000e+00 3.652224e+00
1.700000e+00 3.672052e+00
1.720000e+00 3.691881e+00
1.740000e+00 3.711713e+00
1.760000e+00 3.731546e+00
1.780000e+00 3.751381e+00
1.800000e+00 3.771218e+00
1.820000e+00 3.791057e+00
1.840000e+00 3.810898e+00
1.860000e+00 3.830740e+00
1.880000e+00 3.850584e+00
1.900000e+00 3.870430e+00
1.920000e+00 3.890277e+00
1.940000e+00 3.910126e+00
1.960000e+00 3.929976e+00
1.980000e+00 3.949828e+00
2.000000e+00 3.969682e+00
2.020000e+00 3.989537e+00
2.040000e+00 4.009394e+00
2.060000e+00 4.029252e+00
2.080000e+00 4.049111e+00
2.100000e+00 4.068972e+00
2.120000e+00 4.088835e+00
2.140000e+00 4.108699e+00
2.160000e+00 4.128564e+00
2.180000e+00 4.148430e+00
2.200000e+00 4.168298e+00
2.220000e+00 4.188167e+00
2.240000e+00 4.208038e+00
2.260000e+00 4.227909e+00
2.280000e+00 4.247782e+00
2.300000e+00 4.267656e+00
2.320000e+00 4.287532e+00
2.340000e+00 4.307408e+00
2.360000e+00 4.327286e+00
2.380000e+00 4.347165e+00
2.400000e+00 4.367045e+00
2.420000e+00 4.386926e+00
2.440000e+00 4.406808e+00
2.460000e+00 4.426692e+00
2.480000e+00 4.446576e+00
2.500000e+00 4.466462e+00
2.520000e+00 4.486348e+00
2.540000e+00 4.506236e+00
2.560000e+00 4.526125e+00
2.580000e+00 4.546014e+00
2.600000e+00 4.565905e+00
2.620000e+00 4.585797e+00
2.640000e+00 4.605689e+00
2.660000e+00 4.625583e+00
2.680000e+00 4.645477e+00
2.700000e+00 4.665373e+00
2.720000e+00 4.685269e+00
2.740000e+00 4.705166e+00
2.760000e+00 4.725065e+00
2.780000e+00 4.744964e+00
2.800000e+00 4.764864e+00
2.820000e+00 4.784764e+00
2.840000e+00 4.804666e+00
2.860000e+00 4.824569e+00
2.880000e+00 4.844472e+00
2.900000e+00 4.864376e+00
2.920000e+00 4.884281e+00
2.940000e+00 4.904187e+00
2.960000e+00 4.924093e+00
2.980000e+00 4.944001e+00
3.000000e+00 4.963909e+00
3.020000e+00 4.983817e+00
3.040000e+00 5.003727e+00
3.060000e+00 5.023637e+00
3.080000e+00 5.043548e+00
3.100000e+00 5.063460e+00
3.120000e+00 5.083373e+00
3.140000e+00 5.103286e+00
3.160000e+00 5.123200e+00
3.180000e+00 5.143114e+00
3.200000e+00 5.163030e+00
3.220000e+00 5.182946e+00
3.240000e+00 5.202862e+00
3.260000e+00 5.222779e+00
3.280000e+00 5.242697e+00
3.300000e+00 5.262616e+00
3.320000e+00 5.282535e+00
3.340000e+00 5.302455e+00
3.360000e+00 5.322375e+00
3.380000e+00 5.342296e+00
3.400000e+00 5.362218e+00
3.420000e+00 5.382140e+00
3.440000e+00 5.402063e+00
3.460000e+00 5.421986e+00
3.480000e+00 5.441910e+00
3.500000e+00 5.461835e+00
3.520000e+00 5.481760e+00
3.540000e+00 5.501686e+00
3.560000e+00 5.521612e+00
3.580000e+00 5.541539e+00
3.600000e+00 5.561466e+00
3.620000e+00 5.581394e+00
3.640000e+00 5.601322e+00
3.660000e+00 5.621251e+00
3.680000e+00 5.641181e+00
3.700000e+00 5.661111e+00
3.720000e+00 5.681041e+00
3.740000e+00 5.700972e+00
3.760000e+00 5.720904e+00
3.780000e+00 5.740836e+00
3.800000e+00 5.760768e+00
3.820000e+00 5.780701e+00
3.840000e+00 5.800634e+00
3.860000e+00 5.820568e+00
3.880000e+00 5.840502e+00
3.900000e+00 5.860437e+00
3.920000e+00 5.880372e+00
3.940000e+00 5.900308e+00
3.960000e+00 5.920244e+00
3.980000e+00 5.940181e+00
