0.000000e+00 -1.985418e+00
0.000000e+00 -1.941884e+00
0.000000e+00 -1.870032e+00
0.000000e+00 -1.770912e+00
0.000000e+00 -1.645968e+00
0.000000e+00 -1.497021e+00
0.000000e+00 -1.326245e+00
0.000000e+00 -1.136129e+00
0.000000e+00 -9.294463e-01
0.000000e+00 -7.092098e-01
0.000000e+00 -4.786313e-01
0.000000e+00 -2.410734e-01
0.000000e+00 -2.748296e-16
0.000000e+00 2.410734e-01
0.000000e+00 4.786313e-01
0.000000e+00 7.092098e-01
0.000000e+00 9.294463e-01
0.000000e+00 1.136129e+00
0.000000e+00 1.326245e+00
0.000000e+00 1.497021e+00
0.000000e+00 1.645968e+00
0.000000e+00 1.770912e+00
0.000000e+00 1.870032e+00
0.000000e+00 1.941884e+00
0.000000e+00 1.985418e+00
3.000000e-02 -1.955418e+00
3.000000e-02 -1.911884e+00
3.000000e-02 -1.840032e+00
3.000000e-02 -1.740912e+00
3.000000e-02 -1.615968e+00
3.000000e-02 -1.467021e+00
3.000000e-02 -1.296245e+00
3.000000e-02 -1.106129e+00
3.000000e-02 -8.994463e-01
3.000000e-02 -6.792098e-01
3.000000e-02 -4.486313e-01
3.000000e-02 -2.110734e-01
3.000000e-02 3.000000e-02
3.000000e-02 2.710734e-01
3.000000e-02 5.086313e-01
3.000000e-02 7.392098e-01
3.000000e-02 9.594463e-01
3.000000e-02 1.166129e+00
3.000000e-02 1.356245e+00
3.000000e-02 1.527021e+00
3.000000e-02 1.675968e+00
3.000000e-02 1.800912e+00
3.000000e-02 1.900032e+00
3.000000e-02 1.971884e+00
3.000000e-02 2.015418e+00
6.000000e-02 -1.925418e+00
6.000000e-02 -1.881884e+00
6.000000e-02 -1.810032e+00
6.000000e-02 -1.710912e+00
6.000000e-02 -1.585968e+00
6.000000e-02 -1.437021e+00
6.000000e-02 -1.266245e+00
6.000000e-02 -1.076129e+00
6.000000e-02 -8.694463e-01
6.000000e-02 -6.492098e-01
6.000000e-02 -4.186313e-01
6.000000e-02 -1.810734e-01
6.000000e-02 6.000000e-02
6.000000e-02 3.010734e-01
6.000000e-02 5.386313e-01
6.000000e-02 7.692098e-01
6.000000e-02 9.894463e-01
6.000000e-02 1.196129e+00
6.000000e-02 1.386245e+00
6.000000e-02 1.557021e+00
6.000000e-02 1.705968e+00
6.000000e-02 1.830912e+00
6.000000e-02 1.930032e+00
6.000000e-02 2.001884e+00
6.000000e-02 2.045418e+00
9.000000e-02 -1.895418e+00
9.000000e-02 -1.851884e+00
9.000000e-02 -1.780032e+00
9.000000e-02 -1.680912e+00
9.000000e-02 -1.555968e+00
9.000000e-02 -1.407021e+00
9.000000e-02 -1.236245e+00
9.000000e-02 -1.046129e+00
9.000000e-02 -8.394463e-01
9.000000e-02 -6.192098e-01
9.000000e-02 -3.886313e-01
9.000000e-02 -1.510734e-01
9.000000e-02 9.000000e-02
9.000000e-02 3.310734e-01
9.000000e-02 5.686313e-01
9.000000e-02 7.992098e-01
9.000000e-02 1.019446e+00
9.000000e-02 1.226129e+00
9.000000e-02 1.416245e+00
9.000000e-02 1.587021e+00
9.000000e-02 1.735968e+00
9.000000e-02 1.860912e+00
9.000000e-02 1.960032e+00
9.000000e-02 2.031884e+00
9.000000e-02 2.075418e+00
1.200000e-01 -1.865418e+00
1.200000e-01 -1.821884e+00
1.200000e-01 -1.750032e+00
1.200000e-01 -1.650912e+00
1.200000e-01 -1.525968e+00
1.200000e-01 -1.377021e+00
1.200000e-01 -1.206245e+00
1.200000e-01 -1.016129e+00
1.200000e-01 -8.094463e-01
1.200000e-01 -5.892098e-01
1.200000e-01 -3.586313e-01
1.200000e-01 -1.210734e-01
1.200000e-01 1.200000e-01
1.200000e-01 3.610734e-01
1.200000e-01 5.986313e-01
1.200000e-01 8.292098e-01
1.200000e-01 1.049446e+00
1.200000e-01 1.256129e+00
1.200000e-01 1.446245e+00
1.200000e-01 1.617021e+00
1.200000e-01 1.765968e+00
1.200000e-01 1.890912e+00
1.200000e-01 1.990032e+00
1.200000e-01 2.061884e+00
1.200000e-01 2.105418e+00
1.500000e-01 -1.835418e+00
1.500000e-01 -1.791884e+00
1.500000e-01 -1.720032e+00
1.500000e-01 -1.620912e+00
1.500000e-01 -1.495968e+00
1.500000e-01 -1.347021e+00
1.500000e-01 -1.176245e+00
1.500000e-01 -9.861295e-01
1.500000e-01 -7.794463e-01
1.500000e-01 -5.592098e-01
1.500000e-01 -3.286313e-01
1.500000e-01 -9.107336e-02
1.500000e-01 1.500000e-01
1.500000e-01 3.910734e-01
1.500000e-01 6.286313e-01
1.500000e-01 8.592098e-01
1.500000e-01 1.079446e+00
1.500000e-01 1.286129e+00
1.500000e-01 1.476245e+00
1.500000e-01 1.647021e+00
1.500000e-01 1.795968e+00
1.500000e-01 1.920912e+00
1.500000e-01 2.020032e+00
1.500000e-01 2.091884e+00
1.500000e-01 2.135418e+00
1.800000e-01 -1.805418e+00
1.800000e-01 -1.761884e+00
1.800000e-01 -1.690032e+00
1.800000e-01 -1.590912e+00
1.800000e-01 -1.465968e+00
1.800000e-01 -1.317021e+00
1.800000e-01 -1.146245e+00
1.800000e-01 -9.561295e-01
1.800000e-01 -7.494463e-01
1.800000e-01 -5.292098e-01
1.800000e-01 -2.986313e-01
1.800000e-01 -6.107336e-02
1.800000e-01 1.800000e-01
1.800000e-01 4.210734e-01
1.800000e-01 6.586313e-01
1.800000e-01 8.892098e-01
1.800000e-01 1.109446e+00
1.800000e-01 1.316129e+00
1.800000e-01 1.506245e+00
1.800000e-01 1.677021e+00
1.800000e-01 1.825968e+00
1.800000e-01 1.950912e+00
1.800000e-01 2.050032e+00
1.800000e-01 2.121884e+00
1.800000e-01 2.165418e+00
2.100000e-01 -1.775418e+00
2.100000e-01 -1.731884e+00
2.100000e-01 -1.660032e+00
2.100000e-01 -1.560912e+00
2.100000e-01 -1.435968e+00
2.100000e-01 -1.287021e+00
2.100000e-01 -1.116245e+00
2.100000e-01 -9.261295e-01
2.100000e-01 -7.194463e-01
2.100000e-01 -4.992098e-01
2.100000e-01 -2.686313e-01
2.100000e-01 -3.107336e-02
2.100000e-01 2.100000e-01
2.100000e-01 4.510734e-01
2.100000e-01 6.886313e-01
2.100000e-01 9.192098e-01
2.100000e-01 1.139446e+00
2.100000e-01 1.346129e+00
2.100000e-01 1.536245e+00
2.100000e-01 1.707021e+00
2.100000e-01 1.855968e+00
2.100000e-01 1.980912e+00
2.100000e-01 2.080032e+00
2.100000e-01 2.151884e+00
2.100000e-01 2.195418e+00
2.400000e-01 -1.745418e+00
2.400000e-01 -1.701884e+00
2.400000e-01 -1.630032e+00
2.400000e-01 -1.530912e+00
2.400000e-01 -1.405968e+00
2.400000e-01 -1.257021e+00
2.400000e-01 -1.086245e+00
2.400000e-01 -8.961295e-01
2.400000e-01 -6.894463e-01
2.400000e-01 -4.692098e-01
2.400000e-01 -2.386313e-01
2.400000e-01 -1.073361e-03
2.400000e-01 2.400000e-01
2.400000e-01 4.810734e-01
2.400000e-01 7.186313e-01
2.400000e-01 9.492098e-01
2.400000e-01 1.169446e+00
2.400000e-01 1.376129e+00
2.400000e-01 1.566245e+00
2.400000e-01 1.737021e+00
2.400000e-01 1.885968e+00
2.400000e-01 2.010912e+00
2.400000e-01 2.110032e+00
2.400000e-01 2.181884e+00
2.400000e-01 2.225418e+00
2.700000e-01 -1.715418e+00
2.700000e-01 -1.671884e+00
2.700000e-01 -1.600032e+00
2.700000e-01 -1.500912e+00
2.700000e-01 -1.375968e+00
2.700000e-01 -1.227021e+00
2.700000e-01 -1.056245e+00
2.700000e-01 -8.661295e-01
2.700000e-01 -6.594463e-01
2.700000e-01 -4.392098e-01
2.700000e-01 -2.086313e-01
2.700000e-01 2.892664e-02
2.700000e-01 2.700000e-01
2.700000e-01 5.110734e-01
2.700000e-01 7.486313e-01
2.700000e-01 9.792098e-01
2.700000e-01 1.199446e+00
2.700000e-01 1.406129e+00
2.700000e-01 1.596245e+00
2.700000e-01 1.767021e+00
2.700000e-01 1.915968e+00
2.700000e-01 2.040912e+00
2.700000e-01 2.140032e+00
2.700000e-01 2.211884e+00
2.700000e-01 2.255418e+00
3.000000e-01 -1.685418e+00
3.000000e-01 -1.641884e+00
3.000000e-01 -1.570032e+00
3.000000e-01 -1.470912e+00
3.000000e-01 -1.345968e+00
3.000000e-01 -1.197021e+00
3.000000e-01 -1.026245e+00
3.000000e-01 -8.361295e-01
3.000000e-01 -6.294463e-01
3.000000e-01 -4.092098e-01
3.000000e-01 -1.786313e-01
3.000000e-01 5.892664e-02
3.000000e-01 3.000000e-01
3.000000e-01 5.410734e-01
3.000000e-01 7.786313e-01
3.000000e-01 1.009210e+00
3.000000e-01 1.229446e+00
3.000000e-01 1.436129e+00
3.000000e-01 1.626245e+00
3.000000e-01 1.797021e+00
3.000000e-01 1.945968e+00
3.000000e-01 2.070912e+00
3.000000e-01 2.170032e+00
3.000000e-01 2.241884e+00
3.000000e-01 2.285418e+00
3.300000e-01 -1.655418e+00
3.300000e-01 -1.611884e+00
3.300000e-01 -1.540032e+00
3.300000e-01 -1.440912e+00
3.300000e-01 -1.315968e+00
3.300000e-01 -1.167021e+00
3.300000e-01 -9.962453e-01
3.300000e-01 -8.061295e-01
3.300000e-01 -5.994463e-01
3.300000e-01 -3.792098e-01
3.300000e-01 -1.486313e-01
3.300000e-01 8.892664e-02
3.300000e-01 3.300000e-01
3.300000e-01 5.710734e-01
3.300000e-01 8.086313e-01
3.300000e-01 1.039210e+00
3.300000e-01 1.259446e+00
3.300000e-01 1.466129e+00
3.300000e-01 1.656245e+00
3.300000e-01 1.827021e+00
3.300000e-01 1.975968e+00
3.300000e-01 2.100912e+00
3.300000e-01 2.200032e+00
3.300000e-01 2.271884e+00
3.300000e-01 2.315418e+00
3.600000e-01 -1.625418e+00
3.600000e-01 -1.581884e+00
3.600000e-01 -1.510032e+00
3.600000e-01 -1.410912e+00
3.600000e-01 -1.285968e+00
3.600000e-01 -1.137021e+00
3.600000e-01 -9.662453e-01
3.600000e-01 -7.761295e-01
3.600000e-01 -5.694463e-01
3.600000e-01 -3.492098e-01
3.600000e-01 -1.186313e-01
3.600000e-01 1.189266e-01
3.600000e-01 3.600000e-01
3.600000e-01 6.010734e-01
3.600000e-01 8.386313e-01
3.600000e-01 1.069210e+00
3.600000e-01 1.289446e+00
3.600000e-01 1.496129e+00
3.600000e-01 1.686245e+00
3.600000e-01 1.857021e+00
3.600000e-01 2.005968e+00
3.600000e-01 2.130912e+00
3.600000e-01 2.230032e+00
3.600000e-01 2.301884e+00
3.600000e-01 2.345418e+00
3.900000e-01 -1.595418e+00
3.900000e-01 -1.551884e+00
3.900000e-01 -1.480032e+00
3.900000e-01 -1.380912e+00
3.900000e-01 -1.255968e+00
3.900000e-01 -1.107021e+00
3.900000e-01 -9.362453e-01
3.900000e-01 -7.461295e-01
3.900000e-01 -5.394463e-01
3.900000e-01 -3.192098e-01
3.900000e-01 -8.863133e-02
3.900000e-01 1.489266e-01
3.900000e-01 3.900000e-01
3.900000e-01 6.310734e-01
3.900000e-01 8.686313e-01
3.900000e-01 1.099210e+00
3.900000e-01 1.319446e+00
3.900000e-01 1.526129e+00
3.900000e-01 1.716245e+00
3.900000e-01 1.887021e+00
3.900000e-01 2.035968e+00
3.900000e-01 2.160912e+00
3.900000e-01 2.260032e+00
3.900000e-01 2.331884e+00
3.900000e-01 2.375418e+00
4.200000e-01 -1.565418e+00
4.200000e-01 -1.521884e+00
4.200000e-01 -1.450032e+00
4.200000e-01 -1.350912e+00
4.200000e-01 -1.225968e+00
4.200000e-01 -1.077021e+00
4.200000e-01 -9.062453e-01
4.200000e-01 -7.161295e-01
4.200000e-01 -5.094463e-01
4.200000e-01 -2.892098e-01
4.200000e-01 -5.863133e-02
4.200000e-01 1.789266e-01
4.200000e-01 4.200000e-01
4.200000e-01 6.610734e-01
4.200000e-01 8.986313e-01
4.200000e-01 1.129210e+00
4.200000e-01 1.349446e+00
4.200000e-01 1.556129e+00
4.200000e-01 1.746245e+00
4.200000e-01 1.917021e+00
4.200000e-01 2.065968e+00
4.200000e-01 2.190912e+00
4.200000e-01 2.290032e+00
4.200000e-01 2.361884e+00
4.200000e-01 2.405418e+00
4.500000e-01 -1.535418e+00
4.500000e-01 -1.491884e+00
4.500000e-01 -1.420032e+00
4.500000e-01 -1.320912e+00
4.500000e-01 -1.195968e+00
4.500000e-01 -1.047021e+00
4.500000e-01 -8.762453e-01
4.500000e-01 -6.861295e-01
4.500000e-01 -4.794463e-01
4.500000e-01 -2.592098e-01
4.500000e-01 -2.863133e-02
4.500000e-01 2.089266e-01
4.500000e-01 4.500000e-01
4.500000e-01 6.910734e-01
4.500000e-01 9.286313e-01
4.500000e-01 1.159210e+00
4.500000e-01 1.379446e+00
4.500000e-01 1.586129e+00
4.500000e-01 1.776245e+00
4.500000e-01 1.947021e+00
4.500000e-01 2.095968e+00
4.500000e-01 2.220912e+00
4.500000e-01 2.320032e+00
4.500000e-01 2.391884e+00
4.500000e-01 2.435418e+00
4.800000e-01 -1.505418e+00
4.800000e-01 -1.461884e+00
4.800000e-01 -1.390032e+00
4.800000e-01 -1.290912e+00
4.800000e-01 -1.165968e+00
4.800000e-01 -1.017021e+00
4.800000e-01 -8.462453e-01
4.800000e-01 -6.561295e-01
4.800000e-01 -4.494463e-01
4.800000e-01 -2.292098e-01
4.800000e-01 1.368671e-03
4.800000e-01 2.389266e-01
4.800000e-01 4.800000e-01
4.800000e-01 7.210734e-01
4.800000e-01 9.586313e-01
4.800000e-01 1.189210e+00
4.800000e-01 1.409446e+00
4.800000e-01 1.616129e+00
4.800000e-01 1.806245e+00
4.800000e-01 1.977021e+00
4.800000e-01 2.125968e+00
4.800000e-01 2.250912e+00
4.800000e-01 2.350032e+00
4.800000e-01 2.421884e+00
4.800000e-01 2.465418e+00
5.100000e-01 -1.475418e+00
5.100000e-01 -1.431884e+00
5.100000e-01 -1.360032e+00
5.100000e-01 -1.260912e+00
5.100000e-01 -1.135968e+00
5.100000e-01 -9.870215e-01
5.100000e-01 -8.162453e-01
5.100000e-01 -6.261295e-01
5.100000e-01 -4.194463e-01
5.100000e-01 -1.992098e-01
5.100000e-01 3.136867e-02
5.100000e-01 2.689266e-01
5.100000e-01 5.100000e-01
5.100000e-01 7.510734e-01
5.100000e-01 9.886313e-01
5.100000e-01 1.219210e+00
5.100000e-01 1.439446e+00
5.100000e-01 1.646129e+00
5.100000e-01 1.836245e+00
5.100000e-01 2.007021e+00
5.100000e-01 2.155968e+00
5.100000e-01 2.280912e+00
5.100000e-01 2.380032e+00
5.100000e-01 2.451884e+00
5.100000e-01 2.495418e+00
5.400000e-01 -1.445418e+00
5.400000e-01 -1.401884e+00
5.400000e-01 -1.330032e+00
5.400000e-01 -1.230912e+00
5.400000e-01 -1.105968e+00
5.400000e-01 -9.570215e-01
5.400000e-01 -7.862453e-01
5.400000e-01 -5.961295e-01
5.400000e-01 -3.894463e-01
5.400000e-01 -1.692098e-01
5.400000e-01 6.136867e-02
5.400000e-01 2.989266e-01
5.400000e-01 5.400000e-01
5.400000e-01 7.810734e-01
5.400000e-01 1.018631e+00
5.400000e-01 1.249210e+00
5.400000e-01 1.469446e+00
5.400000e-01 1.676129e+00
5.400000e-01 1.866245e+00
5.400000e-01 2.037021e+00
5.400000e-01 2.185968e+00
5.400000e-01 2.310912e+00
5.400000e-01 2.410032e+00
5.400000e-01 2.481884e+00
5.400000e-01 2.525418e+00
5.700000e-01 -1.415418e+00
5.700000e-01 -1.371884e+00
5.700000e-01 -1.300032e+00
5.700000e-01 -1.200912e+00
5.700000e-01 -1.075968e+00
5.700000e-01 -9.270215e-01
5.700000e-01 -7.562453e-01
5.700000e-01 -5.661295e-01
5.700000e-01 -3.594463e-01
5.700000e-01 -1.392098e-01
5.700000e-01 9.136867e-02
5.700000e-01 3.289266e-01
5.700000e-01 5.700000e-01
5.700000e-01 8.110734e-01
5.700000e-01 1.048631e+00
5.700000e-01 1.279210e+00
5.700000e-01 1.499446e+00
5.700000e-01 1.706129e+00
5.700000e-01 1.896245e+00
5.700000e-01 2.067021e+00
5.700000e-01 2.215968e+00
5.700000e-01 2.340912e+00
5.700000e-01 2.440032e+00
5.700000e-01 2.511884e+00
5.700000e-01 2.555418e+00
6.000000e-01 -1.385418e+00
6.000000e-01 -1.341884e+00
6.000000e-01 -1.270032e+00
6.000000e-01 -1.170912e+00
6.000000e-01 -1.045968e+00
6.000000e-01 -8.970215e-01
6.000000e-01 -7.262453e-01
6.000000e-01 -5.361295e-01
6.000000e-01 -3.294463e-01
6.000000e-01 -1.092098e-01
6.000000e-01 1.213687e-01
6.000000e-01 3.589266e-01
6.000000e-01 6.000000e-01
6.000000e-01 8.410734e-01
6.000000e-01 1.078631e+00
6.000000e-01 1.309210e+00
6.000000e-01 1.529446e+00
6.000000e-01 1.736129e+00
6.000000e-01 1.926245e+00
6.000000e-01 2.097021e+00
6.000000e-01 2.245968e+00
6.000000e-01 2.370912e+00
6.000000e-01 2.470032e+00
6.000000e-01 2.541884e+00
6.000000e-01 2.585418e+00
6.300000e-01 -1.355418e+00
6.300000e-01 -1.311884e+00
6.300000e-01 -1.240032e+00
6.300000e-01 -1.140912e+00
6.300000e-01 -1.015968e+00
6.300000e-01 -8.670215e-01
6.300000e-01 -6.962453e-01
6.300000e-01 -5.061295e-01
6.300000e-01 -2.994463e-01
6.300000e-01 -7.920977e-02
6.300000e-01 1.513687e-01
6.300000e-01 3.889266e-01
6.300000e-01 6.300000e-01
6.300000e-01 8.710734e-01
6.300000e-01 1.108631e+00
6.300000e-01 1.339210e+00
6.300000e-01 1.559446e+00
6.300000e-01 1.766129e+00
6.300000e-01 1.956245e+00
6.300000e-01 2.127021e+00
6.300000e-01 2.275968e+00
6.300000e-01 2.400912e+00
6.300000e-01 2.500032e+00
6.300000e-01 2.571884e+00
6.300000e-01 2.615418e+00
6.600000e-01 -1.325418e+00
6.600000e-01 -1.281884e+00
6.600000e-01 -1.210032e+00
6.600000e-01 -1.110912e+00
6.600000e-01 -9.859677e-01
6.600000e-01 -8.370215e-01
6.600000e-01 -6.662453e-01
6.600000e-01 -4.761295e-01
6.600000e-01 -2.694463e-01
6.600000e-01 -4.920977e-02
6.600000e-01 1.813687e-01
6.600000e-01 4.189266e-01
6.600000e-01 6.600000e-01
6.600000e-01 9.010734e-01
6.600000e-01 1.138631e+00
6.600000e-01 1.369210e+00
6.600000e-01 1.589446e+00
6.600000e-01 1.796129e+00
6.600000e-01 1.986245e+00
6.600000e-01 2.157021e+00
6.600000e-01 2.305968e+00
6.600000e-01 2.430912e+00
6.600000e-01 2.530032e+00
6.600000e-01 2.601884e+00
6.600000e-01 2.645418e+00
6.900000e-01 -1.295418e+00
6.900000e-01 -1.251884e+00
6.900000e-01 -1.180032e+00
6.900000e-01 -1.080912e+00
6.900000e-01 -9.559677e-01
6.900000e-01 -8.070215e-01
6.900000e-01 -6.362453e-01
6.900000e-01 -4.461295e-01
6.900000e-01 -2.394463e-01
6.900000e-01 -1.920977e-02
6.900000e-01 2.113687e-01
6.900000e-01 4.489266e-01
6.900000e-01 6.900000e-01
6.900000e-01 9.310734e-01
6.900000e-01 1.168631e+00
6.900000e-01 1.399210e+00
6.900000e-01 1.619446e+00
6.900000e-01 1.826129e+00
6.900000e-01 2.016245e+00
6.900000e-01 2.187021e+00
6.900000e-01 2.335968e+00
6.900000e-01 2.460912e+00
6.900000e-01 2.560032e+00
6.900000e-01 2.631884e+00
6.900000e-01 2.675418e+00
7.200000e-01 -1.265418e+00
7.200000e-01 -1.221884e+00
7.200000e-01 -1.150032e+00
7.200000e-01 -1.050912e+00
7.200000e-01 -9.259677e-01
7.200000e-01 -7.770215e-01
7.200000e-01 -6.062453e-01
7.200000e-01 -4.161295e-01
7.200000e-01 -2.094463e-01
7.200000e-01 1.079023e-02
7.200000e-01 2.413687e-01
7.200000e-01 4.789266e-01
7.200000e-01 7.200000e-01
7.200000e-01 9.610734e-01
7.200000e-01 1.198631e+00
7.200000e-01 1.429210e+00
7.200000e-01 1.649446e+00
7.200000e-01 1.856129e+00
7.200000e-01 2.046245e+00
7.200000e-01 2.217021e+00
7.200000e-01 2.365968e+00
7.200000e-01 2.490912e+00
7.200000e-01 2.590032e+00
7.200000e-01 2.661884e+00
7.200000e-01 2.705418e+00
7.500000e-01 -1.235418e+00
7.500000e-01 -1.191884e+00
7.500000e-01 -1.120032e+00
7.500000e-01 -1.020912e+00
7.500000e-01 -8.959677e-01
7.500000e-01 -7.470215e-01
7.500000e-01 -5.762453e-01
7.500000e-01 -3.861295e-01
7.500000e-01 -1.794463e-01
7.500000e-01 4.079023e-02
7.500000e-01 2.713687e-01
7.500000e-01 5.089266e-01
7.500000e-01 7.500000e-01
7.500000e-01 9.910734e-01
7.500000e-01 1.228631e+00
7.500000e-01 1.459210e+00
7.500000e-01 1.679446e+00
7.500000e-01 1.886129e+00
7.500000e-01 2.076245e+00
7.500000e-01 2.247021e+00
7.500000e-01 2.395968e+00
7.500000e-01 2.520912e+00
7.500000e-01 2.620032e+00
7.500000e-01 2.691884e+00
7.500000e-01 2.735418e+00
7.800000e-01 -1.205418e+00
7.800000e-01 -1.161884e+00
7.800000e-01 -1.090032e+00
7.800000e-01 -9.909121e-01
7.800000e-01 -8.659677e-01
7.800000e-01 -7.170215e-01
7.800000e-01 -5.462453e-01
7.800000e-01 -3.561295e-01
7.800000e-01 -1.494463e-01
7.800000e-01 7.079023e-02
7.800000e-01 3.013687e-01
7.800000e-01 5.389266e-01
7.800000e-01 7.800000e-01
7.800000e-01 1.021073e+00
7.800000e-01 1.258631e+00
7.800000e-01 1.489210e+00
7.800000e-01 1.709446e+00
7.800000e-01 1.916129e+00
7.800000e-01 2.106245e+00
7.800000e-01 2.277021e+00
7.800000e-01 2.425968e+00
7.800000e-01 2.550912e+00
7.800000e-01 2.650032e+00
7.800000e-01 2.721884e+00
7.800000e-01 2.765418e+00
8.100000e-01 -1.175418e+00
8.100000e-01 -1.131884e+00
8.100000e-01 -1.060032e+00
8.100000e-01 -9.609121e-01
8.100000e-01 -8.359677e-01
8.100000e-01 -6.870215e-01
8.100000e-01 -5.162453e-01
8.100000e-01 -3.261295e-01
8.100000e-01 -1.194463e-01
8.100000e-01 1.007902e-01
8.100000e-01 3.313687e-01
8.100000e-01 5.689266e-01
8.100000e-01 8.100000e-01
8.100000e-01 1.051073e+00
8.100000e-01 1.288631e+00
8.100000e-01 1.519210e+00
8.100000e-01 1.739446e+00
8.100000e-01 1.946129e+00
8.100000e-01 2.136245e+00
8.100000e-01 2.307021e+00
8.100000e-01 2.455968e+00
8.100000e-01 2.580912e+00
8.100000e-01 2.680032e+00
8.100000e-01 2.751884e+00
8.100000e-01 2.795418e+00
8.400000e-01 -1.145418e+00
8.400000e-01 -1.101884e+00
8.400000e-01 -1.030032e+00
8.400000e-01 -9.309121e-01
8.400000e-01 -8.059677e-01
8.400000e-01 -6.570215e-01
8.400000e-01 -4.862453e-01
8.400000e-01 -2.961295e-01
8.400000e-01 -8.944634e-02
8.400000e-01 1.307902e-01
8.400000e-01 3.613687e-01
8.400000e-01 5.989266e-01
8.400000e-01 8.400000e-01
8.400000e-01 1.081073e+00
8.400000e-01 1.318631e+00
8.400000e-01 1.549210e+00
8.400000e-01 1.769446e+00
8.400000e-01 1.976129e+00
8.400000e-01 2.166245e+00
8.400000e-01 2.337021e+00
8.400000e-01 2.485968e+00
8.400000e-01 2.610912e+00
8.400000e-01 2.710032e+00
8.400000e-01 2.781884e+00
8.400000e-01 2.825418e+00
8.700000e-01 -1.115418e+00
8.700000e-01 -1.071884e+00
8.700000e-01 -1.000032e+00
8.700000e-01 -9.009121e-01
8.700000e-01 -7.759677e-01
8.700000e-01 -6.270215e-01
8.700000e-01 -4.562453e-01
8.700000e-01 -2.661295e-01
8.700000e-01 -5.944634e-02
8.700000e-01 1.607902e-01
8.700000e-01 3.913687e-01
8.700000e-01 6.289266e-01
8.700000e-01 8.700000e-01
8.700000e-01 1.111073e+00
8.700000e-01 1.348631e+00
8.700000e-01 1.579210e+00
8.700000e-01 1.799446e+00
8.700000e-01 2.006129e+00
8.700000e-01 2.196245e+00
8.700000e-01 2.367021e+00
8.700000e-01 2.515968e+00
8.700000e-01 2.640912e+00
8.700000e-01 2.740032e+00
8.700000e-01 2.811884e+00
8.700000e-01 2.855418e+00
9.000000e-01 -1.085418e+00
9.000000e-01 -1.041884e+00
9.000000e-01 -9.700325e-01
9.000000e-01 -8.709121e-01
9.000000e-01 -7.459677e-01
9.000000e-01 -5.970215e-01
9.000000e-01 -4.262453e-01
9.000000e-01 -2.361295e-01
9.000000e-01 -2.944634e-02
9.000000e-01 1.907902e-01
9.000000e-01 4.213687e-01
9.000000e-01 6.589266e-01
9.000000e-01 9.000000e-01
9.000000e-01 1.141073e+00
9.000000e-01 1.378631e+00
9.000000e-01 1.609210e+00
9.000000e-01 1.829446e+00
9.000000e-01 2.036129e+00
9.000000e-01 2.226245e+00
9.000000e-01 2.397021e+00
9.000000e-01 2.545968e+00
9.000000e-01 2.670912e+00
9.000000e-01 2.770032e+00
9.000000e-01 2.841884e+00
9.000000e-01 2.885418e+00
9.300000e-01 -1.055418e+00
9.300000e-01 -1.011884e+00
9.300000e-01 -9.400325e-01
9.300000e-01 -8.409121e-01
9.300000e-01 -7.159677e-01
9.300000e-01 -5.670215e-01
9.300000e-01 -3.962453e-01
9.300000e-01 -2.061295e-01
9.300000e-01 5.536559e-04
9.300000e-01 2.207902e-01
9.300000e-01 4.513687e-01
9.300000e-01 6.889266e-01
9.300000e-01 9.300000e-01
9.300000e-01 1.171073e+00
9.300000e-01 1.408631e+00
9.300000e-01 1.639210e+00
9.300000e-01 1.859446e+00
9.300000e-01 2.066129e+00
9.300000e-01 2.256245e+00
9.300000e-01 2.427021e+00
9.300000e-01 2.575968e+00
9.300000e-01 2.700912e+00
9.300000e-01 2.800032e+00
9.300000e-01 2.871884e+00
9.300000e-01 2.915418e+00
9.600000e-01 -1.025418e+00
9.600000e-01 -9.818836e-01
9.600000e-01 -9.100325e-01
9.600000e-01 -8.109121e-01
9.600000e-01 -6.859677e-01
9.600000e-01 -5.370215e-01
9.600000e-01 -3.662453e-01
9.600000e-01 -1.761295e-01
9.600000e-01 3.055366e-02
9.600000e-01 2.507902e-01
9.600000e-01 4.813687e-01
9.600000e-01 7.189266e-01
9.600000e-01 9.600000e-01
9.600000e-01 1.201073e+00
9.600000e-01 1.438631e+00
9.600000e-01 1.669210e+00
9.600000e-01 1.889446e+00
9.600000e-01 2.096129e+00
9.600000e-01 2.286245e+00
9.600000e-01 2.457021e+00
9.600000e-01 2.605968e+00
9.600000e-01 2.730912e+00
9.600000e-01 2.830032e+00
9.600000e-01 2.901884e+00
9.600000e-01 2.945418e+00
9.900000e-01 -9.954177e-01
9.900000e-01 -9.518836e-01
9.900000e-01 -8.800325e-01
9.900000e-01 -7.809121e-01
9.900000e-01 -6.559677e-01
9.900000e-01 -5.070215e-01
9.900000e-01 -3.362453e-01
9.900000e-01 -1.461295e-01
9.900000e-01 6.055366e-02
9.900000e-01 2.807902e-01
9.900000e-01 5.113687e-01
9.900000e-01 7.489266e-01
9.900000e-01 9.900000e-01
9.900000e-01 1.231073e+00
9.900000e-01 1.468631e+00
9.900000e-01 1.699210e+00
9.900000e-01 1.919446e+00
9.900000e-01 2.126129e+00
9.900000e-01 2.316245e+00
9.900000e-01 2.487021e+00
9.900000e-01 2.635968e+00
9.900000e-01 2.760912e+00
9.900000e-01 2.860032e+00
9.900000e-01 2.931884e+00
9.900000e-01 2.975418e+00
1.020000e+00 -9.654177e-01
1.020000e+00 -9.218836e-01
1.020000e+00 -8.500325e-01
1.020000e+00 -7.509121e-01
1.020000e+00 -6.259677e-01
1.020000e+00 -4.770215e-01
1.020000e+00 -3.062453e-01
1.020000e+00 -1.161295e-01
1.020000e+00 9.055366e-02
1.020000e+00 3.107902e-01
1.020000e+00 5.413687e-01
1.020000e+00 7.789266e-01
1.020000e+00 1.020000e+00
1.020000e+00 1.261073e+00
1.020000e+00 1.498631e+00
1.020000e+00 1.729210e+00
1.020000e+00 1.949446e+00
1.020000e+00 2.156129e+00
1.020000e+00 2.346245e+00
1.020000e+00 2.517021e+00
1.020000e+00 2.665968e+00
1.020000e+00 2.790912e+00
1.020000e+00 2.890032e+00
1.020000e+00 2.961884e+00
1.020000e+00 3.005418e+00
1.050000e+00 -9.354177e-01
1.050000e+00 -8.918836e-01
1.050000e+00 -8.200325e-01
1.050000e+00 -7.209121e-01
1.050000e+00 -5.959677e-01
1.050000e+00 -4.470215e-01
1.050000e+00 -2.762453e-01
1.050000e+00 -8.612949e-02
1.050000e+00 1.205537e-01
1.050000e+00 3.407902e-01
1.050000e+00 5.713687e-01
1.050000e+00 8.089266e-01
1.050000e+00 1.050000e+00
1.050000e+00 1.291073e+00
1.050000e+00 1.528631e+00
1.050000e+00 1.759210e+00
1.050000e+00 1.979446e+00
1.050000e+00 2.186129e+00
1.050000e+00 2.376245e+00
1.050000e+00 2.547021e+00
1.050000e+00 2.695968e+00
1.050000e+00 2.820912e+00
1.050000e+00 2.920032e+00
1.050000e+00 2.991884e+00
1.050000e+00 3.035418e+00
1.080000e+00 -9.054177e-01
1.080000e+00 -8.618836e-01
1.080000e+00 -7.900325e-01
1.080000e+00 -6.909121e-01
1.080000e+00 -5.659677e-01
1.080000e+00 -4.170215e-01
1.080000e+00 -2.462453e-01
1.080000e+00 -5.612949e-02
1.080000e+00 1.505537e-01
1.080000e+00 3.707902e-01
1.080000e+00 6.013687e-01
1.080000e+00 8.389266e-01
1.080000e+00 1.080000e+00
1.080000e+00 1.321073e+00
1.080000e+00 1.558631e+00
1.080000e+00 1.789210e+00
1.080000e+00 2.009446e+00
1.080000e+00 2.216129e+00
1.080000e+00 2.406245e+00
1.080000e+00 2.577021e+00
1.080000e+00 2.725968e+00
1.080000e+00 2.850912e+00
1.080000e+00 2.950032e+00
1.080000e+00 3.021884e+00
1.080000e+00 3.065418e+00
1.110000e+00 -8.754177e-01
1.110000e+00 -8.318836e-01
1.110000e+00 -7.600325e-01
1.110000e+00 -6.609121e-01
1.110000e+00 -5.359677e-01
1.110000e+00 -3.870215e-01
1.110000e+00 -2.162453e-01
1.110000e+00 -2.612949e-02
1.110000e+00 1.805537e-01
1.110000e+00 4.007902e-01
1.110000e+00 6.313687e-01
1.110000e+00 8.689266e-01
1.110000e+00 1.110000e+00
1.110000e+00 1.351073e+00
1.110000e+00 1.588631e+00
1.110000e+00 1.819210e+00
1.110000e+00 2.039446e+00
1.110000e+00 2.246129e+00
1.110000e+00 2.436245e+00
1.110000e+00 2.607021e+00
1.110000e+00 2.755968e+00
1.110000e+00 2.880912e+00
1.110000e+00 2.980032e+00
1.110000e+00 3.051884e+00
1.110000e+00 3.095418e+00
1.140000e+00 -8.454177e-01
1.140000e+00 -8.018836e-01
1.140000e+00 -7.300325e-01
1.140000e+00 -6.309121e-01
1.140000e+00 -5.059677e-01
1.140000e+00 -3.570215e-01
1.140000e+00 -1.862453e-01
1.140000e+00 3.870507e-03
1.140000e+00 2.105537e-01
1.140000e+00 4.307902e-01
1.140000e+00 6.613687e-01
1.140000e+00 8.989266e-01
1.140000e+00 1.140000e+00
1.140000e+00 1.381073e+00
1.140000e+00 1.618631e+00
1.140000e+00 1.849210e+00
1.140000e+00 2.069446e+00
1.140000e+00 2.276129e+00
1.140000e+00 2.466245e+00
1.140000e+00 2.637021e+00
1.140000e+00 2.785968e+00
1.140000e+00 2.910912e+00
1.140000e+00 3.010032e+00
1.140000e+00 3.081884e+00
1.140000e+00 3.125418e+00
1.170000e+00 -8.154177e-01
1.170000e+00 -7.718836e-01
1.170000e+00 -7.000325e-01
1.170000e+00 -6.009121e-01
1.170000e+00 -4.759677e-01
1.170000e+00 -3.270215e-01
1.170000e+00 -1.562453e-01
1.170000e+00 3.387051e-02
1.170000e+00 2.405537e-01
1.170000e+00 4.607902e-01
1.170000e+00 6.913687e-01
1.170000e+00 9.289266e-01
1.170000e+00 1.170000e+00
1.170000e+00 1.411073e+00
1.170000e+00 1.648631e+00
1.170000e+00 1.879210e+00
1.170000e+00 2.099446e+00
1.170000e+00 2.306129e+00
1.170000e+00 2.496245e+00
1.170000e+00 2.667021e+00
1.170000e+00 2.815968e+00
1.170000e+00 2.940912e+00
1.170000e+00 3.040032e+00
1.170000e+00 3.111884e+00
1.170000e+00 3.155418e+00
1.200000e+00 -7.854177e-01
1.200000e+00 -7.418836e-01
1.200000e+00 -6.700325e-01
1.200000e+00 -5.709121e-01
1.200000e+00 -4.459677e-01
1.200000e+00 -2.970215e-01
1.200000e+00 -1.262453e-01
1.200000e+00 6.387051e-02
1.200000e+00 2.705537e-01
1.200000e+00 4.907902e-01
1.200000e+00 7.213687e-01
1.200000e+00 9.589266e-01
1.200000e+00 1.200000e+00
1.200000e+00 1.441073e+00
1.200000e+00 1.678631e+00
1.200000e+00 1.909210e+00
1.200000e+00 2.129446e+00
1.200000e+00 2.336129e+00
1.200000e+00 2.526245e+00
1.200000e+00 2.697021e+00
1.200000e+00 2.845968e+00
1.200000e+00 2.970912e+00
1.200000e+00 3.070032e+00
1.200000e+00 3.141884e+00
1.200000e+00 3.185418e+00
1.230000e+00 -7.554177e-01
1.230000e+00 -7.118836e-01
1.230000e+00 -6.400325e-01
1.230000e+00 -5.409121e-01
1.230000e+00 -4.159677e-01
1.230000e+00 -2.670215e-01
1.230000e+00 -9.624532e-02
1.230000e+00 9.387051e-02
1.230000e+00 3.005537e-01
1.230000e+00 5.207902e-01
1.230000e+00 7.513687e-01
1.230000e+00 9.889266e-01
1.230000e+00 1.230000e+00
1.230000e+00 1.471073e+00
1.230000e+00 1.708631e+00
1.230000e+00 1.939210e+00
1.230000e+00 2.159446e+00
1.230000e+00 2.366129e+00
1.230000e+00 2.556245e+00
1.230000e+00 2.727021e+00
1.230000e+00 2.875968e+00
1.230000e+00 3.000912e+00
1.230000e+00 3.100032e+00
1.230000e+00 3.171884e+00
1.230000e+00 3.215418e+00
1.260000e+00 -7.254177e-01
1.260000e+00 -6.818836e-01
1.260000e+00 -6.100325e-01
1.260000e+00 -5.109121e-01
1.260000e+00 -3.859677e-01
1.260000e+00 -2.370215e-01
1.260000e+00 -6.624532e-02
1.260000e+00 1.238705e-01
1.260000e+00 3.305537e-01
1.260000e+00 5.507902e-01
1.260000e+00 7.813687e-01
1.260000e+00 1.018927e+00
1.260000e+00 1.260000e+00
1.260000e+00 1.501073e+00
1.260000e+00 1.738631e+00
1.260000e+00 1.969210e+00
1.260000e+00 2.189446e+00
1.260000e+00 2.396129e+00
1.260000e+00 2.586245e+00
1.260000e+00 2.757021e+00
1.260000e+00 2.905968e+00
1.260000e+00 3.030912e+00
1.260000e+00 3.130032e+00
1.260000e+00 3.201884e+00
1.260000e+00 3.245418e+00
1.290000e+00 -6.954177e-01
1.290000e+00 -6.518836e-01
1.290000e+00 -5.800325e-01
1.290000e+00 -4.809121e-01
1.290000e+00 -3.559677e-01
1.290000e+00 -2.070215e-01
1.290000e+00 -3.624532e-02
1.290000e+00 1.538705e-01
1.290000e+00 3.605537e-01
1.290000e+00 5.807902e-01
1.290000e+00 8.113687e-01
1.290000e+00 1.048927e+00
1.290000e+00 1.290000e+00
1.290000e+00 1.531073e+00
1.290000e+00 1.768631e+00
1.290000e+00 1.999210e+00
1.290000e+00 2.219446e+00
1.290000e+00 2.426129e+00
1.290000e+00 2.616245e+00
1.290000e+00 2.787021e+00
1.290000e+00 2.935968e+00
1.290000e+00 3.060912e+00
1.290000e+00 3.160032e+00
1.290000e+00 3.231884e+00
1.290000e+00 3.275418e+00
1.320000e+00 -6.654177e-01
1.320000e+00 -6.218836e-01
1.320000e+00 -5.500325e-01
1.320000e+00 -4.509121e-01
1.320000e+00 -3.259677e-01
1.320000e+00 -1.770215e-01
1.320000e+00 -6.245316e-03
1.320000e+00 1.838705e-01
1.320000e+00 3.905537e-01
1.320000e+00 6.107902e-01
1.320000e+00 8.413687e-01
1.320000e+00 1.078927e+00
1.320000e+00 1.320000e+00
1.320000e+00 1.561073e+00
1.320000e+00 1.798631e+00
1.320000e+00 2.029210e+00
1.320000e+00 2.249446e+00
1.320000e+00 2.456129e+00
1.320000e+00 2.646245e+00
1.320000e+00 2.817021e+00
1.320000e+00 2.965968e+00
1.320000e+00 3.090912e+00
1.320000e+00 3.190032e+00
1.320000e+00 3.261884e+00
1.320000e+00 3.305418e+00
1.350000e+00 -6.354177e-01
1.350000e+00 -5.918836e-01
1.350000e+00 -5.200325e-01
1.350000e+00 -4.209121e-01
1.350000e+00 -2.959677e-01
1.350000e+00 -1.470215e-01
1.350000e+00 2.375468e-02
1.350000e+00 2.138705e-01
1.350000e+00 4.205537e-01
1.350000e+00 6.407902e-01
1.350000e+00 8.713687e-01
1.350000e+00 1.108927e+00
1.350000e+00 1.350000e+00
1.350000e+00 1.591073e+00
1.350000e+00 1.828631e+00
1.350000e+00 2.059210e+00
1.350000e+00 2.279446e+00
1.350000e+00 2.486129e+00
1.350000e+00 2.676245e+00
1.350000e+00 2.847021e+00
1.350000e+00 2.995968e+00
1.350000e+00 3.120912e+00
1.350000e+00 3.220032e+00
1.350000e+00 3.291884e+00
1.350000e+00 3.335418e+00
1.380000e+00 -6.054177e-01
1.380000e+00 -5.618836e-01
1.380000e+00 -4.900325e-01
1.380000e+00 -3.909121e-01
1.380000e+00 -2.659677e-01
1.380000e+00 -1.170215e-01
1.380000e+00 5.375468e-02
1.380000e+00 2.438705e-01
1.380000e+00 4.505537e-01
1.380000e+00 6.707902e-01
1.380000e+00 9.013687e-01
1.380000e+00 1.138927e+00
1.380000e+00 1.380000e+00
1.380000e+00 1.621073e+00
1.380000e+00 1.858631e+00
1.380000e+00 2.089210e+00
1.380000e+00 2.309446e+00
1.380000e+00 2.516129e+00
1.380000e+00 2.706245e+00
1.380000e+00 2.877021e+00
1.380000e+00 3.025968e+00
1.380000e+00 3.150912e+00
1.380000e+00 3.250032e+00
1.380000e+00 3.321884e+00
1.380000e+00 3.365418e+00
1.410000e+00 -5.754177e-01
1.410000e+00 -5.318836e-01
1.410000e+00 -4.600325e-01
1.410000e+00 -3.609121e-01
1.410000e+00 -2.359677e-01
1.410000e+00 -8.702150e-02
1.410000e+00 8.375468e-02
1.410000e+00 2.738705e-01
1.410000e+00 4.805537e-01
1.410000e+00 7.007902e-01
1.410000e+00 9.313687e-01
1.410000e+00 1.168927e+00
1.410000e+00 1.410000e+00
1.410000e+00 1.651073e+00
1.410000e+00 1.888631e+00
1.410000e+00 2.119210e+00
1.410000e+00 2.339446e+00
1.410000e+00 2.546129e+00
1.410000e+00 2.736245e+00
1.410000e+00 2.907021e+00
1.410000e+00 3.055968e+00
1.410000e+00 3.180912e+00
1.410000e+00 3.280032e+00
1.410000e+00 3.351884e+00
1.410000e+00 3.395418e+00
1.440000e+00 -5.454177e-01
1.440000e+00 -5.018836e-01
1.440000e+00 -4.300325e-01
1.440000e+00 -3.309121e-01
1.440000e+00 -2.059677e-01
1.440000e+00 -5.702150e-02
1.440000e+00 1.137547e-01
1.440000e+00 3.038705e-01
1.440000e+00 5.105537e-01
1.440000e+00 7.307902e-01
1.440000e+00 9.613687e-01
1.440000e+00 1.198927e+00
1.440000e+00 1.440000e+00
1.440000e+00 1.681073e+00
1.440000e+00 1.918631e+00
1.440000e+00 2.149210e+00
1.440000e+00 2.369446e+00
1.440000e+00 2.576129e+00
1.440000e+00 2.766245e+00
1.440000e+00 2.937021e+00
1.440000e+00 3.085968e+00
1.440000e+00 3.210912e+00
1.440000e+00 3.310032e+00
1.440000e+00 3.381884e+00
1.440000e+00 3.425418e+00
1.470000e+00 -5.154177e-01
1.470000e+00 -4.718836e-01
1.470000e+00 -4.000325e-01
1.470000e+00 -3.009121e-01
1.470000e+00 -1.759677e-01
1.470000e+00 -2.702150e-02
1.470000e+00 1.437547e-01
1.470000e+00 3.338705e-01
1.470000e+00 5.405537e-01
1.470000e+00 7.607902e-01
1.470000e+00 9.913687e-01
1.470000e+00 1.228927e+00
1.470000e+00 1.470000e+00
1.470000e+00 1.711073e+00
1.470000e+00 1.948631e+00
1.470000e+00 2.179210e+00
1.470000e+00 2.399446e+00
1.470000e+00 2.606129e+00
1.470000e+00 2.796245e+00
1.470000e+00 2.967021e+00
1.470000e+00 3.115968e+00
1.470000e+00 3.240912e+00
1.470000e+00 3.340032e+00
1.470000e+00 3.411884e+00
1.470000e+00 3.455418e+00
1.500000e+00 -4.854177e-01
1.500000e+00 -4.418836e-01
1.500000e+00 -3.700325e-01
1.500000e+00 -2.709121e-01
1.500000e+00 -1.459677e-01
1.500000e+00 2.978504e-03
1.500000e+00 1.737547e-01
1.500000e+00 3.638705e-01
1.500000e+00 5.705537e-01
1.500000e+00 7.907902e-01
1.500000e+00 1.021369e+00
1.500000e+00 1.258927e+00
1.500000e+00 1.500000e+00
1.500000e+00 1.741073e+00
1.500000e+00 1.978631e+00
1.500000e+00 2.209210e+00
1.500000e+00 2.429446e+00
1.500000e+00 2.636129e+00
1.500000e+00 2.826245e+00
1.500000e+00 2.997021e+00
1.500000e+00 3.145968e+00
1.500000e+00 3.270912e+00
1.500000e+00 3.370032e+00
1.500000e+00 3.441884e+00
1.500000e+00 3.485418e+00
1.530000e+00 -4.554177e-01
1.530000e+00 -4.118836e-01
1.530000e+00 -3.400325e-01
1.530000e+00 -2.409121e-01
1.530000e+00 -1.159677e-01
1.530000e+00 3.297850e-02
1.530000e+00 2.037547e-01
1.530000e+00 3.938705e-01
1.530000e+00 6.005537e-01
1.530000e+00 8.207902e-01
1.530000e+00 1.051369e+00
1.530000e+00 1.288927e+00
1.530000e+00 1.530000e+00
1.530000e+00 1.771073e+00
1.530000e+00 2.008631e+00
1.530000e+00 2.239210e+00
1.530000e+00 2.459446e+00
1.530000e+00 2.666129e+00
1.530000e+00 2.856245e+00
1.530000e+00 3.027021e+00
1.530000e+00 3.175968e+00
1.530000e+00 3.300912e+00
1.530000e+00 3.400032e+00
1.530000e+00 3.471884e+00
1.530000e+00 3.515418e+00
1.560000e+00 -4.254177e-01
1.560000e+00 -3.818836e-01
1.560000e+00 -3.100325e-01
1.560000e+00 -2.109121e-01
1.560000e+00 -8.596773e-02
1.560000e+00 6.297850e-02
1.560000e+00 2.337547e-01
1.560000e+00 4.238705e-01
1.560000e+00 6.305537e-01
1.560000e+00 8.507902e-01
1.560000e+00 1.081369e+00
1.560000e+00 1.318927e+00
1.560000e+00 1.560000e+00
1.560000e+00 1.801073e+00
1.560000e+00 2.038631e+00
1.560000e+00 2.269210e+00
1.560000e+00 2.489446e+00
1.560000e+00 2.696129e+00
1.560000e+00 2.886245e+00
1.560000e+00 3.057021e+00
1.560000e+00 3.205968e+00
1.560000e+00 3.330912e+00
1.560000e+00 3.430032e+00
1.560000e+00 3.501884e+00
1.560000e+00 3.545418e+00
1.590000e+00 -3.954177e-01
1.590000e+00 -3.518836e-01
1.590000e+00 -2.800325e-01
1.590000e+00 -1.809121e-01
1.590000e+00 -5.596773e-02
1.590000e+00 9.297850e-02
1.590000e+00 2.637547e-01
1.590000e+00 4.538705e-01
1.590000e+00 6.605537e-01
1.590000e+00 8.807902e-01
1.590000e+00 1.111369e+00
1.590000e+00 1.348927e+00
1.590000e+00 1.590000e+00
1.590000e+00 1.831073e+00
1.590000e+00 2.068631e+00
1.590000e+00 2.299210e+00
1.590000e+00 2.519446e+00
1.590000e+00 2.726129e+00
1.590000e+00 2.916245e+00
1.590000e+00 3.087021e+00
1.590000e+00 3.235968e+00
1.590000e+00 3.360912e+00
1.590000e+00 3.460032e+00
1.590000e+00 3.531884e+00
1.590000e+00 3.575418e+00
1.620000e+00 -3.654177e-01
1.620000e+00 -3.218836e-01
1.620000e+00 -2.500325e-01
1.620000e+00 -1.509121e-01
1.620000e+00 -2.596773e-02
1.620000e+00 1.229785e-01
1.620000e+00 2.937547e-01
1.620000e+00 4.838705e-01
1.620000e+00 6.905537e-01
1.620000e+00 9.107902e-01
1.620000e+00 1.141369e+00
1.620000e+00 1.378927e+00
1.620000e+00 1.620000e+00
1.620000e+00 1.861073e+00
1.620000e+00 2.098631e+00
1.620000e+00 2.329210e+00
1.620000e+00 2.549446e+00
1.620000e+00 2.756129e+00
1.620000e+00 2.946245e+00
1.620000e+00 3.117021e+00
1.620000e+00 3.265968e+00
1.620000e+00 3.390912e+00
1.620000e+00 3.490032e+00
1.620000e+00 3.561884e+00
1.620000e+00 3.605418e+00
1.650000e+00 -3.354177e-01
1.650000e+00 -2.918836e-01
1.650000e+00 -2.200325e-01
1.650000e+00 -1.209121e-01
1.650000e+00 4.032268e-03
1.650000e+00 1.529785e-01
1.650000e+00 3.237547e-01
1.650000e+00 5.138705e-01
1.650000e+00 7.205537e-01
1.650000e+00 9.407902e-01
1.650000e+00 1.171369e+00
1.650000e+00 1.408927e+00
1.650000e+00 1.650000e+00
1.650000e+00 1.891073e+00
1.650000e+00 2.128631e+00
1.650000e+00 2.359210e+00
1.650000e+00 2.579446e+00
1.650000e+00 2.786129e+00
1.650000e+00 2.976245e+00
1.650000e+00 3.147021e+00
1.650000e+00 3.295968e+00
1.650000e+00 3.420912e+00
1.650000e+00 3.520032e+00
1.650000e+00 3.591884e+00
1.650000e+00 3.635418e+00
1.680000e+00 -3.054177e-01
1.680000e+00 -2.618836e-01
1.680000e+00 -1.900325e-01
1.680000e+00 -9.091205e-02
1.680000e+00 3.403227e-02
1.680000e+00 1.829785e-01
1.680000e+00 3.537547e-01
1.680000e+00 5.438705e-01
1.680000e+00 7.505537e-01
1.680000e+00 9.707902e-01
1.680000e+00 1.201369e+00
1.680000e+00 1.438927e+00
1.680000e+00 1.680000e+00
1.680000e+00 1.921073e+00
1.680000e+00 2.158631e+00
1.680000e+00 2.389210e+00
1.680000e+00 2.609446e+00
1.680000e+00 2.816129e+00
1.680000e+00 3.006245e+00
1.680000e+00 3.177021e+00
1.680000e+00 3.325968e+00
1.680000e+00 3.450912e+00
1.680000e+00 3.550032e+00
1.680000e+00 3.621884e+00
1.680000e+00 3.665418e+00
1.710000e+00 -2.754177e-01
1.710000e+00 -2.318836e-01
1.710000e+00 -1.600325e-01
1.710000e+00 -6.091205e-02
1.710000e+00 6.403227e-02
1.710000e+00 2.129785e-01
1.710000e+00 3.837547e-01
1.710000e+00 5.738705e-01
1.710000e+00 7.805537e-01
1.710000e+00 1.000790e+00
1.710000e+00 1.231369e+00
1.710000e+00 1.468927e+00
1.710000e+00 1.710000e+00
1.710000e+00 1.951073e+00
1.710000e+00 2.188631e+00
1.710000e+00 2.419210e+00
1.710000e+00 2.639446e+00
1.710000e+00 2.846129e+00
1.710000e+00 3.036245e+00
1.710000e+00 3.207021e+00
1.710000e+00 3.355968e+00
1.710000e+00 3.480912e+00
1.710000e+00 3.580032e+00
1.710000e+00 3.651884e+00
1.710000e+00 3.695418e+00
1.740000e+00 -2.454177e-01
1.740000e+00 -2.018836e-01
1.740000e+00 -1.300325e-01
1.740000e+00 -3.091205e-02
1.740000e+00 9.403227e-02
1.740000e+00 2.429785e-01
1.740000e+00 4.137547e-01
1.740000e+00 6.038705e-01
1.740000e+00 8.105537e-01
1.740000e+00 1.030790e+00
1.740000e+00 1.261369e+00
1.740000e+00 1.498927e+00
1.740000e+00 1.740000e+00
1.740000e+00 1.981073e+00
1.740000e+00 2.218631e+00
1.740000e+00 2.449210e+00
1.740000e+00 2.669446e+00
1.740000e+00 2.876129e+00
1.740000e+00 3.066245e+00
1.740000e+00 3.237021e+00
1.740000e+00 3.385968e+00
1.740000e+00 3.510912e+00
1.740000e+00 3.610032e+00
1.740000e+00 3.681884e+00
1.740000e+00 3.725418e+00
1.770000e+00 -2.154177e-01
1.770000e+00 -1.718836e-01
1.770000e+00 -1.000325e-01
1.770000e+00 -9.120513e-04
1.770000e+00 1.240323e-01
1.770000e+00 2.729785e-01
1.770000e+00 4.437547e-01
1.770000e+00 6.338705e-01
1.770000e+00 8.405537e-01
1.770000e+00 1.060790e+00
1.770000e+00 1.291369e+00
1.770000e+00 1.528927e+00
1.770000e+00 1.770000e+00
1.770000e+00 2.011073e+00
1.770000e+00 2.248631e+00
1.770000e+00 2.479210e+00
1.770000e+00 2.699446e+00
1.770000e+00 2.906129e+00
1.770000e+00 3.096245e+00
1.770000e+00 3.267021e+00
1.770000e+00 3.415968e+00
1.770000e+00 3.540912e+00
1.770000e+00 3.640032e+00
1.770000e+00 3.711884e+00
1.770000e+00 3.755418e+00
1.800000e+00 -1.854177e-01
1.800000e+00 -1.418836e-01
1.800000e+00 -7.003249e-02
1.800000e+00 2.908795e-02
1.800000e+00 1.540323e-01
1.800000e+00 3.029785e-01
1.800000e+00 4.737547e-01
1.800000e+00 6.638705e-01
1.800000e+00 8.705537e-01
1.800000e+00 1.090790e+00
1.800000e+00 1.321369e+00
1.800000e+00 1.558927e+00
1.800000e+00 1.800000e+00
1.800000e+00 2.041073e+00
1.800000e+00 2.278631e+00
1.800000e+00 2.509210e+00
1.800000e+00 2.729446e+00
1.800000e+00 2.936129e+00
1.800000e+00 3.126245e+00
1.800000e+00 3.297021e+00
1.800000e+00 3.445968e+00
1.800000e+00 3.570912e+00
1.800000e+00 3.670032e+00
1.800000e+00 3.741884e+00
1.800000e+00 3.785418e+00
1.830000e+00 -1.554177e-01
1.830000e+00 -1.118836e-01
1.830000e+00 -4.003249e-02
1.830000e+00 5.908795e-02
1.830000e+00 1.840323e-01
1.830000e+00 3.329785e-01
1.830000e+00 5.037547e-01
1.830000e+00 6.938705e-01
1.830000e+00 9.005537e-01
1.830000e+00 1.120790e+00
1.830000e+00 1.351369e+00
1.830000e+00 1.588927e+00
1.830000e+00 1.830000e+00
1.830000e+00 2.071073e+00
1.830000e+00 2.308631e+00
1.830000e+00 2.539210e+00
1.830000e+00 2.759446e+00
1.830000e+00 2.966129e+00
1.830000e+00 3.156245e+00
1.830000e+00 3.327021e+00
1.830000e+00 3.475968e+00
1.830000e+00 3.600912e+00
1.830000e+00 3.700032e+00
1.830000e+00 3.771884e+00
1.830000e+00 3.815418e+00
1.860000e+00 -1.254177e-01
1.860000e+00 -8.188363e-02
1.860000e+00 -1.003249e-02
1.860000e+00 8.908795e-02
1.860000e+00 2.140323e-01
1.860000e+00 3.629785e-01
1.860000e+00 5.337547e-01
1.860000e+00 7.238705e-01
1.860000e+00 9.305537e-01
1.860000e+00 1.150790e+00
1.860000e+00 1.381369e+00
1.860000e+00 1.618927e+00
1.860000e+00 1.860000e+00
1.860000e+00 2.101073e+00
1.860000e+00 2.338631e+00
1.860000e+00 2.569210e+00
1.860000e+00 2.789446e+00
1.860000e+00 2.996129e+00
1.860000e+00 3.186245e+00
1.860000e+00 3.357021e+00
1.860000e+00 3.505968e+00
1.860000e+00 3.630912e+00
1.860000e+00 3.730032e+00
1.860000e+00 3.801884e+00
1.860000e+00 3.845418e+00
1.890000e+00 -9.541775e-02
1.890000e+00 -5.188363e-02
1.890000e+00 1.996751e-02
1.890000e+00 1.190879e-01
1.890000e+00 2.440323e-01
1.890000e+00 3.929785e-01
1.890000e+00 5.637547e-01
1.890000e+00 7.538705e-01
1.890000e+00 9.605537e-01
1.890000e+00 1.180790e+00
1.890000e+00 1.411369e+00
1.890000e+00 1.648927e+00
1.890000e+00 1.890000e+00
1.890000e+00 2.131073e+00
1.890000e+00 2.368631e+00
1.890000e+00 2.599210e+00
1.890000e+00 2.819446e+00
1.890000e+00 3.026129e+00
1.890000e+00 3.216245e+00
1.890000e+00 3.387021e+00
1.890000e+00 3.535968e+00
1.890000e+00 3.660912e+00
1.890000e+00 3.760032e+00
1.890000e+00 3.831884e+00
1.890000e+00 3.875418e+00
1.920000e+00 -6.541775e-02
1.920000e+00 -2.188363e-02
1.920000e+00 4.996751e-02
1.920000e+00 1.490879e-01
1.920000e+00 2.740323e-01
1.920000e+00 4.229785e-01
1.920000e+00 5.937547e-01
1.920000e+00 7.838705e-01
1.920000e+00 9.905537e-01
1.920000e+00 1.210790e+00
1.920000e+00 1.441369e+00
1.920000e+00 1.678927e+00
1.920000e+00 1.920000e+00
1.920000e+00 2.161073e+00
1.920000e+00 2.398631e+00
1.920000e+00 2.629210e+00
1.920000e+00 2.849446e+00
1.920000e+00 3.056129e+00
1.920000e+00 3.246245e+00
1.920000e+00 3.417021e+00
1.920000e+00 3.565968e+00
1.920000e+00 3.690912e+00
1.920000e+00 3.790032e+00
1.920000e+00 3.861884e+00
1.920000e+00 3.905418e+00
1.950000e+00 -3.541775e-02
1.950000e+00 8.116365e-03
1.950000e+00 7.996751e-02
1.950000e+00 1.790879e-01
1.950000e+00 3.040323e-01
1.950000e+00 4.529785e-01
1.950000e+00 6.237547e-01
1.950000e+00 8.138705e-01
1.950000e+00 1.020554e+00
1.950000e+00 1.240790e+00
1.950000e+00 1.471369e+00
1.950000e+00 1.708927e+00
1.950000e+00 1.950000e+00
1.950000e+00 2.191073e+00
1.950000e+00 2.428631e+00
1.950000e+00 2.659210e+00
1.950000e+00 2.879446e+00
1.950000e+00 3.086129e+00
1.950000e+00 3.276245e+00
1.950000e+00 3.447021e+00
1.950000e+00 3.595968e+00
1.950000e+00 3.720912e+00
1.950000e+00 3.820032e+00
1.950000e+00 3.891884e+00
1.950000e+00 3.935418e+00
1.980000e+00 -5.417748e-03
1.980000e+00 3.811637e-02
1.980000e+00 1.099675e-01
1.980000e+00 2.090879e-01
1.980000e+00 3.340323e-01
1.980000e+00 4.829785e-01
1.980000e+00 6.537547e-01
1.980000e+00 8.438705e-01
1.980000e+00 1.050554e+00
1.980000e+00 1.270790e+00
1.980000e+00 1.501369e+00
1.980000e+00 1.738927e+00
1.980000e+00 1.980000e+00
1.980000e+00 2.221073e+00
1.980000e+00 2.458631e+00
1.980000e+00 2.689210e+00
1.980000e+00 2.909446e+00
1.980000e+00 3.116129e+00
1.980000e+00 3.306245e+00
1.980000e+00 3.477021e+00
1.980000e+00 3.625968e+00
1.980000e+00 3.750912e+00
1.980000e+00 3.850032e+00
1.980000e+00 3.921884e+00
1.980000e+00 3.965418e+00
2.010000e+00 2.458225e-02
2.010000e+00 6.811637e-02
2.010000e+00 1.399675e-01
2.010000e+00 2.390879e-01
2.010000e+00 3.640323e-01
2.010000e+00 5.129785e-01
2.010000e+00 6.837547e-01
2.010000e+00 8.738705e-01
2.010000e+00 1.080554e+00
2.010000e+00 1.300790e+00
2.010000e+00 1.531369e+00
2.010000e+00 1.768927e+00
2.010000e+00 2.010000e+00
2.010000e+00 2.251073e+00
2.010000e+00 2.488631e+00
2.010000e+00 2.719210e+00
2.010000e+00 2.939446e+00
2.010000e+00 3.146129e+00
2.010000e+00 3.336245e+00
2.010000e+00 3.507021e+00
2.010000e+00 3.655968e+00
2.010000e+00 3.780912e+00
2.010000e+00 3.880032e+00
2.010000e+00 3.951884e+00
2.010000e+00 3.995418e+00
2.040000e+00 5.458225e-02
2.040000e+00 9.811637e-02
2.040000e+00 1.699675e-01
2.040000e+00 2.690879e-01
2.040000e+00 3.940323e-01
2.040000e+00 5.429785e-01
2.040000e+00 7.137547e-01
2.040000e+00 9.038705e-01
2.040000e+00 1.110554e+00
2.040000e+00 1.330790e+00
2.040000e+00 1.561369e+00
2.040000e+00 1.798927e+00
2.040000e+00 2.040000e+00
2.040000e+00 2.281073e+00
2.040000e+00 2.518631e+00
2.040000e+00 2.749210e+00
2.040000e+00 2.969446e+00
2.040000e+00 3.176129e+00
2.040000e+00 3.366245e+00
2.040000e+00 3.537021e+00
2.040000e+00 3.685968e+00
2.040000e+00 3.810912e+00
2.040000e+00 3.910032e+00
2.040000e+00 3.981884e+00
2.040000e+00 4.025418e+00
2.070000e+00 8.458225e-02
2.070000e+00 1.281164e-01
2.070000e+00 1.999675e-01
2.070000e+00 2.990879e-01
2.070000e+00 4.240323e-01
2.070000e+00 5.729785e-01
2.070000e+00 7.437547e-01
2.070000e+00 9.338705e-01
2.070000e+00 1.140554e+00
2.070000e+00 1.360790e+00
2.070000e+00 1.591369e+00
2.070000e+00 1.828927e+00
2.070000e+00 2.070000e+00
2.070000e+00 2.311073e+00
2.070000e+00 2.548631e+00
2.070000e+00 2.779210e+00
2.070000e+00 2.999446e+00
2.070000e+00 3.206129e+00
2.070000e+00 3.396245e+00
2.070000e+00 3.567021e+00
2.070000e+00 3.715968e+00
2.070000e+00 3.840912e+00
2.070000e+00 3.940032e+00
2.070000e+00 4.011884e+00
2.070000e+00 4.055418e+00
2.100000e+00 1.145823e-01
2.100000e+00 1.581164e-01
2.100000e+00 2.299675e-01
2.100000e+00 3.290879e-01
2.100000e+00 4.540323e-01
2.100000e+00 6.029785e-01
2.100000e+00 7.737547e-01
2.100000e+00 9.638705e-01
2.100000e+00 1.170554e+00
2.100000e+00 1.390790e+00
2.100000e+00 1.621369e+00
2.100000e+00 1.858927e+00
2.100000e+00 2.100000e+00
2.100000e+00 2.341073e+00
2.100000e+00 2.578631e+00
2.100000e+00 2.809210e+00
2.100000e+00 3.029446e+00
2.100000e+00 3.236129e+00
2.100000e+00 3.426245e+00
2.100000e+00 3.597021e+00
2.100000e+00 3.745968e+00
2.100000e+00 3.870912e+00
2.100000e+00 3.970032e+00
2.100000e+00 4.041884e+00
2.100000e+00 4.085418e+00
2.130000e+00 1.445823e-01
2.130000e+00 1.881164e-01
2.130000e+00 2.599675e-01
2.130000e+00 3.590879e-01
2.130000e+00 4.840323e-01
2.130000e+00 6.329785e-01
2.130000e+00 8.037547e-01
2.130000e+00 9.938705e-01
2.130000e+00 1.200554e+00
2.130000e+00 1.420790e+00
2.130000e+00 1.651369e+00
2.130000e+00 1.888927e+00
2.130000e+00 2.130000e+00
2.130000e+00 2.371073e+00
2.130000e+00 2.608631e+00
2.130000e+00 2.839210e+00
2.130000e+00 3.059446e+00
2.130000e+00 3.266129e+00
2.130000e+00 3.456245e+00
2.130000e+00 3.627021e+00
2.130000e+00 3.775968e+00
2.130000e+00 3.900912e+00
2.130000e+00 4.000032e+00
2.130000e+00 4.071884e+00
2.130000e+00 4.115418e+00
2.160000e+00 1.745823e-01
2.160000e+00 2.181164e-01
2.160000e+00 2.899675e-01
2.160000e+00 3.890879e-01
2.160000e+00 5.140323e-01
2.160000e+00 6.629785e-01
2.160000e+00 8.337547e-01
2.160000e+00 1.023871e+00
2.160000e+00 1.230554e+00
2.160000e+00 1.450790e+00
2.160000e+00 1.681369e+00
2.160000e+00 1.918927e+00
2.160000e+00 2.160000e+00
2.160000e+00 2.401073e+00
2.160000e+00 2.638631e+00
2.160000e+00 2.869210e+00
2.160000e+00 3.089446e+00
2.160000e+00 3.296129e+00
2.160000e+00 3.486245e+00
2.160000e+00 3.657021e+00
2.160000e+00 3.805968e+00
2.160000e+00 3.930912e+00
2.160000e+00 4.030032e+00
2.160000e+00 4.101884e+00
2.160000e+00 4.145418e+00
2.190000e+00 2.045823e-01
2.190000e+00 2.481164e-01
2.190000e+00 3.199675e-01
2.190000e+00 4.190879e-01
2.190000e+00 5.440323e-01
2.190000e+00 6.929785e-01
2.190000e+00 8.637547e-01
2.190000e+00 1.053871e+00
2.190000e+00 1.260554e+00
2.190000e+00 1.480790e+00
2.190000e+00 1.711369e+00
2.190000e+00 1.948927e+00
2.190000e+00 2.190000e+00
2.190000e+00 2.431073e+00
2.190000e+00 2.668631e+00
2.190000e+00 2.899210e+00
2.190000e+00 3.119446e+00
2.190000e+00 3.326129e+00
2.190000e+00 3.516245e+00
2.190000e+00 3.687021e+00
2.190000e+00 3.835968e+00
2.190000e+00 3.960912e+00
2.190000e+00 4.060032e+00
2.190000e+00 4.131884e+00
2.190000e+00 4.175418e+00
2.220000e+00 2.345823e-01
2.220000e+00 2.781164e-01
2.220000e+00 3.499675e-01
2.220000e+00 4.490879e-01
2.220000e+00 5.740323e-01
2.220000e+00 7.229785e-01
2.220000e+00 8.937547e-01
2.220000e+00 1.083871e+00
2.220000e+00 1.290554e+00
2.220000e+00 1.510790e+00
2.220000e+00 1.741369e+00
2.220000e+00 1.978927e+00
2.220000e+00 2.220000e+00
2.220000e+00 2.461073e+00
2.220000e+00 2.698631e+00
2.220000e+00 2.929210e+00
2.220000e+00 3.149446e+00
2.220000e+00 3.356129e+00
2.220000e+00 3.546245e+00
2.220000e+00 3.717021e+00
2.220000e+00 3.865968e+00
2.220000e+00 3.990912e+00
2.220000e+00 4.090032e+00
2.220000e+00 4.161884e+00
2.220000e+00 4.205418e+00
2.250000e+00 2.645823e-01
2.250000e+00 3.081164e-01
2.250000e+00 3.799675e-01
2.250000e+00 4.790879e-01
2.250000e+00 6.040323e-01
2.250000e+00 7.529785e-01
2.250000e+00 9.237547e-01
2.250000e+00 1.113871e+00
2.250000e+00 1.320554e+00
2.250000e+00 1.540790e+00
2.250000e+00 1.771369e+00
2.250000e+00 2.008927e+00
2.250000e+00 2.250000e+00
2.250000e+00 2.491073e+00
2.250000e+00 2.728631e+00
2.250000e+00 2.959210e+00
2.250000e+00 3.179446e+00
2.250000e+00 3.386129e+00
2.250000e+00 3.576245e+00
2.250000e+00 3.747021e+00
2.250000e+00 3.895968e+00
2.250000e+00 4.020912e+00
2.250000e+00 4.120032e+00
2.250000e+00 4.191884e+00
2.250000e+00 4.235418e+00
2.280000e+00 2.945823e-01
2.280000e+00 3.381164e-01
2.280000e+00 4.099675e-01
2.280000e+00 5.090879e-01
2.280000e+00 6.340323e-01
2.280000e+00 7.829785e-01
2.280000e+00 9.537547e-01
2.280000e+00 1.143871e+00
2.280000e+00 1.350554e+00
2.280000e+00 1.570790e+00
2.280000e+00 1.801369e+00
2.280000e+00 2.038927e+00
2.280000e+00 2.280000e+00
2.280000e+00 2.521073e+00
2.280000e+00 2.758631e+00
2.280000e+00 2.989210e+00
2.280000e+00 3.209446e+00
2.280000e+00 3.416129e+00
2.280000e+00 3.606245e+00
2.280000e+00 3.777021e+00
2.280000e+00 3.925968e+00
2.280000e+00 4.050912e+00
2.280000e+00 4.150032e+00
2.280000e+00 4.221884e+00
2.280000e+00 4.265418e+00
2.310000e+00 3.245823e-01
2.310000e+00 3.681164e-01
2.310000e+00 4.399675e-01
2.310000e+00 5.390879e-01
2.310000e+00 6.640323e-01
2.310000e+00 8.129785e-01
2.310000e+00 9.837547e-01
2.310000e+00 1.173871e+00
2.310000e+00 1.380554e+00
2.310000e+00 1.600790e+00
2.310000e+00 1.831369e+00
2.310000e+00 2.068927e+00
2.310000e+00 2.310000e+00
2.310000e+00 2.551073e+00
2.310000e+00 2.788631e+00
2.310000e+00 3.019210e+00
2.310000e+00 3.239446e+00
2.310000e+00 3.446129e+00
2.310000e+00 3.636245e+00
2.310000e+00 3.807021e+00
2.310000e+00 3.955968e+00
2.310000e+00 4.080912e+00
2.310000e+00 4.180032e+00
2.310000e+00 4.251884e+00
2.310000e+00 4.295418e+00
2.340000e+00 3.545823e-01
2.340000e+00 3.981164e-01
2.340000e+00 4.699675e-01
2.340000e+00 5.690879e-01
2.340000e+00 6.940323e-01
2.340000e+00 8.429785e-01
2.340000e+00 1.013755e+00
2.340000e+00 1.203871e+00
2.340000e+00 1.410554e+00
2.340000e+00 1.630790e+00
2.340000e+00 1.861369e+00
2.340000e+00 2.098927e+00
2.340000e+00 2.340000e+00
2.340000e+00 2.581073e+00
2.340000e+00 2.818631e+00
2.340000e+00 3.049210e+00
2.340000e+00 3.269446e+00
2.340000e+00 3.476129e+00
2.340000e+00 3.666245e+00
2.340000e+00 3.837021e+00
2.340000e+00 3.985968e+00
2.340000e+00 4.110912e+00
2.340000e+00 4.210032e+00
2.340000e+00 4.281884e+00
2.340000e+00 4.325418e+00
2.370000e+00 3.845823e-01
2.370000e+00 4.281164e-01
2.370000e+00 4.999675e-01
2.370000e+00 5.990879e-01
2.370000e+00 7.240323e-01
2.370000e+00 8.729785e-01
2.370000e+00 1.043755e+00
2.370000e+00 1.233871e+00
2.370000e+00 1.440554e+00
2.370000e+00 1.660790e+00
2.370000e+00 1.891369e+00
2.370000e+00 2.128927e+00
2.370000e+00 2.370000e+00
2.370000e+00 2.611073e+00
2.370000e+00 2.848631e+00
2.370000e+00 3.079210e+00
2.370000e+00 3.299446e+00
2.370000e+00 3.506129e+00
2.370000e+00 3.696245e+00
2.370000e+00 3.867021e+00
2.370000e+00 4.015968e+00
2.370000e+00 4.140912e+00
2.370000e+00 4.240032e+00
2.370000e+00 4.311884e+00
2.370000e+00 4.355418e+00
2.400000e+00 4.145823e-01
2.400000e+00 4.581164e-01
2.400000e+00 5.299675e-01
2.400000e+00 6.290879e-01
2.400000e+00 7.540323e-01
2.400000e+00 9.029785e-01
2.400000e+00 1.073755e+00
2.400000e+00 1.263871e+00
2.400000e+00 1.470554e+00
2.400000e+00 1.690790e+00
2.400000e+00 1.921369e+00
2.400000e+00 2.158927e+00
2.400000e+00 2.400000e+00
2.400000e+00 2.641073e+00
2.400000e+00 2.878631e+00
2.400000e+00 3.109210e+00
2.400000e+00 3.329446e+00
2.400000e+00 3.536129e+00
2.400000e+00 3.726245e+00
2.400000e+00 3.897021e+00
2.400000e+00 4.045968e+00
2.400000e+00 4.170912e+00
2.400000e+00 4.270032e+00
2.400000e+00 4.341884e+00
2.400000e+00 4.385418e+00
2.430000e+00 4.445823e-01
2.430000e+00 4.881164e-01
2.430000e+00 5.599675e-01
2.430000e+00 6.590879e-01
2.430000e+00 7.840323e-01
2.430000e+00 9.329785e-01
2.430000e+00 1.103755e+00
2.430000e+00 1.293871e+00
2.430000e+00 1.500554e+00
2.430000e+00 1.720790e+00
2.430000e+00 1.951369e+00
2.430000e+00 2.188927e+00
2.430000e+00 2.430000e+00
2.430000e+00 2.671073e+00
2.430000e+00 2.908631e+00
2.430000e+00 3.139210e+00
2.430000e+00 3.359446e+00
2.430000e+00 3.566129e+00
2.430000e+00 3.756245e+00
2.430000e+00 3.927021e+00
2.430000e+00 4.075968e+00
2.430000e+00 4.200912e+00
2.430000e+00 4.300032e+00
2.430000e+00 4.371884e+00
2.430000e+00 4.415418e+00
2.460000e+00 4.745823e-01
2.460000e+00 5.181164e-01
2.460000e+00 5.899675e-01
2.460000e+00 6.890879e-01
2.460000e+00 8.140323e-01
2.460000e+00 9.629785e-01
2.460000e+00 1.133755e+00
2.460000e+00 1.323871e+00
2.460000e+00 1.530554e+00
2.460000e+00 1.750790e+00
2.460000e+00 1.981369e+00
2.460000e+00 2.218927e+00
2.460000e+00 2.460000e+00
2.460000e+00 2.701073e+00
2.460000e+00 2.938631e+00
2.460000e+00 3.169210e+00
2.460000e+00 3.389446e+00
2.460000e+00 3.596129e+00
2.460000e+00 3.786245e+00
2.460000e+00 3.957021e+00
2.460000e+00 4.105968e+00
2.460000e+00 4.230912e+00
2.460000e+00 4.330032e+00
2.460000e+00 4.401884e+00
2.460000e+00 4.445418e+00
2.490000e+00 5.045823e-01
2.490000e+00 5.481164e-01
2.490000e+00 6.199675e-01
2.490000e+00 7.190879e-01
2.490000e+00 8.440323e-01
2.490000e+00 9.929785e-01
2.490000e+00 1.163755e+00
2.490000e+00 1.353871e+00
2.490000e+00 1.560554e+00
2.490000e+00 1.780790e+00
2.490000e+00 2.011369e+00
2.490000e+00 2.248927e+00
2.490000e+00 2.490000e+00
2.490000e+00 2.731073e+00
2.490000e+00 2.968631e+00
2.490000e+00 3.199210e+00
2.490000e+00 3.419446e+00
2.490000e+00 3.626129e+00
2.490000e+00 3.816245e+00
2.490000e+00 3.987021e+00
2.490000e+00 4.135968e+00
2.490000e+00 4.260912e+00
2.490000e+00 4.360032e+00
2.490000e+00 4.431884e+00
2.490000e+00 4.475418e+00
2.520000e+00 5.345823e-01
2.520000e+00 5.781164e-01
2.520000e+00 6.499675e-01
2.520000e+00 7.490879e-01
2.520000e+00 8.740323e-01
2.520000e+00 1.022979e+00
2.520000e+00 1.193755e+00
2.520000e+00 1.383871e+00
2.520000e+00 1.590554e+00
2.520000e+00 1.810790e+00
2.520000e+00 2.041369e+00
2.520000e+00 2.278927e+00
2.520000e+00 2.520000e+00
2.520000e+00 2.761073e+00
2.520000e+00 2.998631e+00
2.520000e+00 3.229210e+00
2.520000e+00 3.449446e+00
2.520000e+00 3.656129e+00
2.520000e+00 3.846245e+00
2.520000e+00 4.017021e+00
2.520000e+00 4.165968e+00
2.520000e+00 4.290912e+00
2.520000e+00 4.390032e+00
2.520000e+00 4.461884e+00
2.520000e+00 4.505418e+00
2.550000e+00 5.645823e-01
2.550000e+00 6.081164e-01
2.550000e+00 6.799675e-01
2.550000e+00 7.790879e-01
2.550000e+00 9.040323e-01
2.550000e+00 1.052979e+00
2.550000e+00 1.223755e+00
2.550000e+00 1.413871e+00
2.550000e+00 1.620554e+00
2.550000e+00 1.840790e+00
2.550000e+00 2.071369e+00
2.550000e+00 2.308927e+00
2.550000e+00 2.550000e+00
2.550000e+00 2.791073e+00
2.550000e+00 3.028631e+00
2.550000e+00 3.259210e+00
2.550000e+00 3.479446e+00
2.550000e+00 3.686129e+00
2.550000e+00 3.876245e+00
2.550000e+00 4.047021e+00
2.550000e+00 4.195968e+00
2.550000e+00 4.320912e+00
2.550000e+00 4.420032e+00
2.550000e+00 4.491884e+00
2.550000e+00 4.535418e+00
2.580000e+00 5.945823e-01
2.580000e+00 6.381164e-01
2.580000e+00 7.099675e-01
2.580000e+00 8.090879e-01
2.580000e+00 9.340323e-01
2.580000e+00 1.082979e+00
2.580000e+00 1.253755e+00
2.580000e+00 1.443871e+00
2.580000e+00 1.650554e+00
2.580000e+00 1.870790e+00
2.580000e+00 2.101369e+00
2.580000e+00 2.338927e+00
2.580000e+00 2.580000e+00
2.580000e+00 2.821073e+00
2.580000e+00 3.058631e+00
2.580000e+00 3.289210e+00
2.580000e+00 3.509446e+00
2.580000e+00 3.716129e+00
2.580000e+00 3.906245e+00
2.580000e+00 4.077021e+00
2.580000e+00 4.225968e+00
2.580000e+00 4.350912e+00
2.580000e+00 4.450032e+00
2.580000e+00 4.521884e+00
2.580000e+00 4.565418e+00
2.610000e+00 6.245823e-01
2.610000e+00 6.681164e-01
2.610000e+00 7.399675e-01
2.610000e+00 8.390879e-01
2.610000e+00 9.640323e-01
2.610000e+00 1.112979e+00
2.610000e+00 1.283755e+00
2.610000e+00 1.473871e+00
2.610000e+00 1.680554e+00
2.610000e+00 1.900790e+00
2.610000e+00 2.131369e+00
2.610000e+00 2.368927e+00
2.610000e+00 2.610000e+00
2.610000e+00 2.851073e+00
2.610000e+00 3.088631e+00
2.610000e+00 3.319210e+00
2.610000e+00 3.539446e+00
2.610000e+00 3.746129e+00
2.610000e+00 3.936245e+00
2.610000e+00 4.107021e+00
2.610000e+00 4.255968e+00
2.610000e+00 4.380912e+00
2.610000e+00 4.480032e+00
2.610000e+00 4.551884e+00
2.610000e+00 4.595418e+00
2.640000e+00 6.545823e-01
2.640000e+00 6.981164e-01
2.640000e+00 7.699675e-01
2.640000e+00 8.690879e-01
2.640000e+00 9.940323e-01
2.640000e+00 1.142979e+00
2.640000e+00 1.313755e+00
2.640000e+00 1.503871e+00
2.640000e+00 1.710554e+00
2.640000e+00 1.930790e+00
2.640000e+00 2.161369e+00
2.640000e+00 2.398927e+00
2.640000e+00 2.640000e+00
2.640000e+00 2.881073e+00
2.640000e+00 3.118631e+00
2.640000e+00 3.349210e+00
2.640000e+00 3.569446e+00
2.640000e+00 3.776129e+00
2.640000e+00 3.966245e+00
2.640000e+00 4.137021e+00
2.640000e+00 4.285968e+00
2.640000e+00 4.410912e+00
2.640000e+00 4.510032e+00
2.640000e+00 4.581884e+00
2.640000e+00 4.625418e+00
2.670000e+00 6.845823e-01
2.670000e+00 7.281164e-01
2.670000e+00 7.999675e-01
2.670000e+00 8.990879e-01
2.670000e+00 1.024032e+00
2.670000e+00 1.172979e+00
2.670000e+00 1.343755e+00
2.670000e+00 1.533871e+00
2.670000e+00 1.740554e+00
2.670000e+00 1.960790e+00
2.670000e+00 2.191369e+00
2.670000e+00 2.428927e+00
2.670000e+00 2.670000e+00
2.670000e+00 2.911073e+00
2.670000e+00 3.148631e+00
2.670000e+00 3.379210e+00
2.670000e+00 3.599446e+00
2.670000e+00 3.806129e+00
2.670000e+00 3.996245e+00
2.670000e+00 4.167021e+00
2.670000e+00 4.315968e+00
2.670000e+00 4.440912e+00
2.670000e+00 4.540032e+00
2.670000e+00 4.611884e+00
2.670000e+00 4.655418e+00
2.700000e+00 7.145823e-01
2.700000e+00 7.581164e-01
2.700000e+00 8.299675e-01
2.700000e+00 9.290879e-01
2.700000e+00 1.054032e+00
2.700000e+00 1.202979e+00
2.700000e+00 1.373755e+00
2.700000e+00 1.563871e+00
2.700000e+00 1.770554e+00
2.700000e+00 1.990790e+00
2.700000e+00 2.221369e+00
2.700000e+00 2.458927e+00
2.700000e+00 2.700000e+00
2.700000e+00 2.941073e+00
2.700000e+00 3.178631e+00
2.700000e+00 3.409210e+00
2.700000e+00 3.629446e+00
2.700000e+00 3.836129e+00
2.700000e+00 4.026245e+00
2.700000e+00 4.197021e+00
2.700000e+00 4.345968e+00
2.700000e+00 4.470912e+00
2.700000e+00 4.570032e+00
2.700000e+00 4.641884e+00
2.700000e+00 4.685418e+00
2.730000e+00 7.445823e-01
2.730000e+00 7.881164e-01
2.730000e+00 8.599675e-01
2.730000e+00 9.590879e-01
2.730000e+00 1.084032e+00
2.730000e+00 1.232979e+00
2.730000e+00 1.403755e+00
2.730000e+00 1.593871e+00
2.730000e+00 1.800554e+00
2.730000e+00 2.020790e+00
2.730000e+00 2.251369e+00
2.730000e+00 2.488927e+00
2.730000e+00 2.730000e+00
2.730000e+00 2.971073e+00
2.730000e+00 3.208631e+00
2.730000e+00 3.439210e+00
2.730000e+00 3.659446e+00
2.730000e+00 3.866129e+00
2.730000e+00 4.056245e+00
2.730000e+00 4.227021e+00
2.730000e+00 4.375968e+00
2.730000e+00 4.500912e+00
2.730000e+00 4.600032e+00
2.730000e+00 4.671884e+00
2.730000e+00 4.715418e+00
2.760000e+00 7.745823e-01
2.760000e+00 8.181164e-01
2.760000e+00 8.899675e-01
2.760000e+00 9.890879e-01
2.760000e+00 1.114032e+00
2.760000e+00 1.262979e+00
2.760000e+00 1.433755e+00
2.760000e+00 1.623871e+00
2.760000e+00 1.830554e+00
2.760000e+00 2.050790e+00
2.760000e+00 2.281369e+00
2.760000e+00 2.518927e+00
2.760000e+00 2.760000e+00
2.760000e+00 3.001073e+00
2.760000e+00 3.238631e+00
2.760000e+00 3.469210e+00
2.760000e+00 3.689446e+00
2.760000e+00 3.896129e+00
2.760000e+00 4.086245e+00
2.760000e+00 4.257021e+00
2.760000e+00 4.405968e+00
2.760000e+00 4.530912e+00
2.760000e+00 4.630032e+00
2.760000e+00 4.701884e+00
2.760000e+00 4.745418e+00
2.790000e+00 8.045823e-01
2.790000e+00 8.481164e-01
2.790000e+00 9.199675e-01
2.790000e+00 1.019088e+00
2.790000e+00 1.144032e+00
2.790000e+00 1.292979e+00
2.790000e+00 1.463755e+00
2.790000e+00 1.653871e+00
2.790000e+00 1.860554e+00
2.790000e+00 2.080790e+00
2.790000e+00 2.311369e+00
2.790000e+00 2.548927e+00
2.790000e+00 2.790000e+00
2.790000e+00 3.031073e+00
2.790000e+00 3.268631e+00
2.790000e+00 3.499210e+00
2.790000e+00 3.719446e+00
2.790000e+00 3.926129e+00
2.790000e+00 4.116245e+00
2.790000e+00 4.287021e+00
2.790000e+00 4.435968e+00
2.790000e+00 4.560912e+00
2.790000e+00 4.660032e+00
2.790000e+00 4.731884e+00
2.790000e+00 4.775418e+00
2.820000e+00 8.345823e-01
2.820000e+00 8.781164e-01
2.820000e+00 9.499675e-01
2.820000e+00 1.049088e+00
2.820000e+00 1.174032e+00
2.820000e+00 1.322979e+00
2.820000e+00 1.493755e+00
2.820000e+00 1.683871e+00
2.820000e+00 1.890554e+00
2.820000e+00 2.110790e+00
2.820000e+00 2.341369e+00
2.820000e+00 2.578927e+00
2.820000e+00 2.820000e+00
2.820000e+00 3.061073e+00
2.820000e+00 3.298631e+00
2.820000e+00 3.529210e+00
2.820000e+00 3.749446e+00
2.820000e+00 3.956129e+00
2.820000e+00 4.146245e+00
2.820000e+00 4.317021e+00
2.820000e+00 4.465968e+00
2.820000e+00 4.590912e+00
2.820000e+00 4.690032e+00
2.820000e+00 4.761884e+00
2.820000e+00 4.805418e+00
2.850000e+00 8.645823e-01
2.850000e+00 9.081164e-01
2.850000e+00 9.799675e-01
2.850000e+00 1.079088e+00
2.850000e+00 1.204032e+00
2.850000e+00 1.352979e+00
2.850000e+00 1.523755e+00
2.850000e+00 1.713871e+00
2.850000e+00 1.920554e+00
2.850000e+00 2.140790e+00
2.850000e+00 2.371369e+00
2.850000e+00 2.608927e+00
2.850000e+00 2.850000e+00
2.850000e+00 3.091073e+00
2.850000e+00 3.328631e+00
2.850000e+00 3.559210e+00
2.850000e+00 3.779446e+00
2.850000e+00 3.986129e+00
2.850000e+00 4.176245e+00
2.850000e+00 4.347021e+00
2.850000e+00 4.495968e+00
2.850000e+00 4.620912e+00
2.850000e+00 4.720032e+00
2.850000e+00 4.791884e+00
2.850000e+00 4.835418e+00
2.880000e+00 8.945823e-01
2.880000e+00 9.381164e-01
2.880000e+00 1.009968e+00
2.880000e+00 1.109088e+00
2.880000e+00 1.234032e+00
2.880000e+00 1.382979e+00
2.880000e+00 1.553755e+00
2.880000e+00 1.743871e+00
2.880000e+00 1.950554e+00
2.880000e+00 2.170790e+00
2.880000e+00 2.401369e+00
2.880000e+00 2.638927e+00
2.880000e+00 2.880000e+00
2.880000e+00 3.121073e+00
2.880000e+00 3.358631e+00
2.880000e+00 3.589210e+00
2.880000e+00 3.809446e+00
2.880000e+00 4.016129e+00
2.880000e+00 4.206245e+00
2.880000e+00 4.377021e+00
2.880000e+00 4.525968e+00
2.880000e+00 4.650912e+00
2.880000e+00 4.750032e+00
2.880000e+00 4.821884e+00
2.880000e+00 4.865418e+00
2.910000e+00 9.245823e-01
2.910000e+00 9.681164e-01
2.910000e+00 1.039968e+00
2.910000e+00 1.139088e+00
2.910000e+00 1.264032e+00
2.910000e+00 1.412979e+00
2.910000e+00 1.583755e+00
2.910000e+00 1.773871e+00
2.910000e+00 1.980554e+00
2.910000e+00 2.200790e+00
2.910000e+00 2.431369e+00
2.910000e+00 2.668927e+00
2.910000e+00 2.910000e+00
2.910000e+00 3.151073e+00
2.910000e+00 3.388631e+00
2.910000e+00 3.619210e+00
2.910000e+00 3.839446e+00
2.910000e+00 4.046129e+00
2.910000e+00 4.236245e+00
2.910000e+00 4.407021e+00
2.910000e+00 4.555968e+00
2.910000e+00 4.680912e+00
2.910000e+00 4.780032e+00
2.910000e+00 4.851884e+00
2.910000e+00 4.895418e+00
2.940000e+00 9.545823e-01
2.940000e+00 9.981164e-01
2.940000e+00 1.069968e+00
2.940000e+00 1.169088e+00
2.940000e+00 1.294032e+00
2.940000e+00 1.442979e+00
2.940000e+00 1.613755e+00
2.940000e+00 1.803871e+00
2.940000e+00 2.010554e+00
2.940000e+00 2.230790e+00
2.940000e+00 2.461369e+00
2.940000e+00 2.698927e+00
2.940000e+00 2.940000e+00
2.940000e+00 3.181073e+00
2.940000e+00 3.418631e+00
2.940000e+00 3.649210e+00
2.940000e+00 3.869446e+00
2.940000e+00 4.076129e+00
2.940000e+00 4.266245e+00
2.940000e+00 4.437021e+00
2.940000e+00 4.585968e+00
2.940000e+00 4.710912e+00
2.940000e+00 4.810032e+00
2.940000e+00 4.881884e+00
2.940000e+00 4.925418e+00
2.970000e+00 9.845823e-01
2.970000e+00 1.028116e+00
2.970000e+00 1.099968e+00
2.970000e+00 1.199088e+00
2.970000e+00 1.324032e+00
2.970000e+00 1.472979e+00
2.970000e+00 1.643755e+00
2.970000e+00 1.833871e+00
2.970000e+00 2.040554e+00
2.970000e+00 2.260790e+00
2.970000e+00 2.491369e+00
2.970000e+00 2.728927e+00
2.970000e+00 2.970000e+00
2.970000e+00 3.211073e+00
2.970000e+00 3.448631e+00
2.970000e+00 3.679210e+00
2.970000e+00 3.899446e+00
2.970000e+00 4.106129e+00
2.970000e+00 4.296245e+00
2.970000e+00 4.467021e+00
2.970000e+00 4.615968e+00
2.970000e+00 4.740912e+00
2.970000e+00 4.840032e+00
2.970000e+00 4.911884e+00
2.970000e+00 4.955418e+00
